96
177
193
205
301
425
599
708
716
754
884
1139
1206
1258
1343
1533
1640
1657
1773
1885
2260
2303
2593
2689
2693
2805
2871
2973
3161
3402
3642
3704
3717
4000
4309
4324
4548
4666
4877
4895
4942
5066
5274
5433
5447
5506
5547
5735
5814
5919
6029
6182
6185
6402
6429
6687
6693
6814
6887
6892
6918
6933
6945
7096
7161
7459
7540
7543
7568
7686
7704
8060
8105
8203
8356
8454
8491
8513
8574
8602
8721
8739
8827
8874
8886
9231
9330
9363
9576
9585
9717
9738
9756
9767
9853
9909
10048
10060
10139
10142
10195
10215
10644
11060
11068
11106
11230
11691
11846
11901
11949
11989
11991
12038
12210
12394
12426
12537
12653
12800
12861
12884
12940
12960
12964
13228
13266
13280
13368
13390
13595
13721
14338
14400
14463
14594
14760
14768
14835
15440
15474
15582
15743
15799
15997
16078
16093
16112
16405
16418
16495
16547
17007
17031
17072
17094
17233
17367
17445
17500
17538
17711
17975
18080
18632
18786
19116
19264
19281
19524
19535
19627
19629
19651
19857
19927
20005
20053
20324
20337
20422
20478
20480
20700
20798
20896
21026
21053
21215
21322
21369
21753
21869
22056
22390
22394
22532
22755
22827
22859
22977
23005
23205
23536
23572
23682
23839
23853
24223
24302
24813
24906
25071
25151
25382
25611
25755
25905
25990
26122
26146
26225
26240
26499
26691
26925
26985
27032
27121
27172
27329
27351
27470
27529
27537
27560
27645
27824
27941
27965
28127
28223
28276
28418
28679
28783
28941
29556
29576
29751
29959
30094
30216
30271
30353
30354
30359
30401
30434
30531
30610
30726
30782
30897
30914
30915
31064
31244
31734
31757
32047
32146
32316
32359
32498
32537
32591
32653
32663
32687
32709
32792
32938
33104
33164
33223
33276
33278
33326
33362
33659
33782
33795
33796
33875
33955
33958
34007
34144
34225
34283
34305
34500
34677
34985
35035
35138
35207
35241
35466
36332
36346
36415
36489
36862
37034
37081
37285
37572
37581
37642
37778
37812
38105
38328
38399
38436
38479
38504
38551
38780
38817
39019
39110
39178
39186
39211
39285
39286
39434
39557
39569
39581
39589
39726
39807
40115
40163
40382
40605
40666
40804
40932
41043
41094
41158
41319
41337
41360
41406
41468
41672
41683
41761
41797
41814
41832
41843
41880
42185
42210
42213
42288
42383
42608
42627
43015
43064
43182
43195
43631
43802
43858
43860
43941
44033
44109
44235
44316
44357
44412
44476
44618
44748
44770
44887
45240
45471
45548
45561
45594
45649
45767
45814
45903
45934
45981
46032
46038
46168
46177
46228
46385
46448
46489
46542
46784
46853
47057
47440
47489
47504
47549
47623
47670
47702
47726
47727
47936
47939
48001
48050
48118
48159
48174
48205
48215
48225
48381
48458
48693
48759
48823
49161
49261
49405
50026
50068
50126
50290
50486
50578
50760
50871
50931
50947
51021
51040
51295
51328
51413
51426
51470
51685
51690
51706
52042
52046
52062
52179
52512
52578
52657
52727
52796
52906
52973
52995
53015
53035
53045
53063
53097
53190
53231
53266
53325
53642
53802
53849
53872
53945
54040
54118
54302
54581
54615
54617
54714
54909
54944
55040
55164
55230
55642
55663
55708
55843
56157
56213
56215
56284
56304
56413
56415
56440
56688
56757
56778
56802
56837
56904
56911
57030
57152
57174
57187
57196
57216
57219
57443
57701
57738
58104
58132
58338
58624
58627
58639
58655
58743
58760
58840
58845
58896
58900
58936
59185
59354
59532
59642
59653
59942
60144
60254
60423
60426
60541
60718
60738
60831
61010
61132
61324
61437
61483
61495
61585
61733
62036
62165
62241
62448
62535
62678
62804
62823
62894
62952
62969
63029
63156
63182
63386
63406
63491
63556
63648
63780
63918
63941
63946
64468
64633
64664
64758
64879
65021
65046
65142
65290
65306
65308
65442
65602
65858
65914
66165
66287
66309
66340
66407
66412
66418
66613
66645
66857
66891
66938
66974
67136
67193
67348
67603
68079
68093
68458
68517
68540
68652
68804
68872
68941
69113
69268
69326
69348
69403
69429
69832
69918
70267
70394
70437
70499
70559
70634
70674
70813
70835
70841
70953
70966
71087
71108
71131
71262
71269
71488
71603
71734
71744
71789
71849
71942
71950
71951
72132
72187
72222
72274
72306
72371
72518
72574
72792
72933
72965
72988
73199
73201
73372
73807
73863
74268
74299
74316
74369
74441
74461
74637
74675
74703
74809
74852
74870
74878
75124
75576
75623
75902
76054
76066
76115
76319
76365
76421
76517
76537
76577
76697
76806
76819
77060
77077
77103
77289
77333
77449
77558
77649
77680
77767
77794
77804
77941
77959
78086
78315
78463
78465
78501
78629
78645
78686
78693
78711
78898
78957
79013
79046
79062
79184
79688
79710
79721
80089
80176
80458
80620
80657
80674
80813
80832
80913
80951
81247
81586
81618
81644
81670
81678
81721
81724
81896
82175
82216
82237
82289
82300
82361
82467
82582
82627
82659
82690
82760
82790
82804
82857
82860
82868
82911
82954
83057
83074
83262
83336
83667
83840
83927
83953
83958
84002
84120
84148
84216
84349
84491
84532
84714
84736
85131
85168
85461
85544
85569
85847
85884
85916
85955
85965
86023
86345
86424
86431
86554
86624
86686
86702
87295
87657
87889
87949
88025
88121
88341
88406
88425
88813
88834
88868
88914
89026
89083
89110
89211
89261
89318
89450
89511
89771
89772
89814
89856
89870
89913
89982
90025
90302
90400
90403
90581
90707
90872
90898
90951
91014
91061
91161
91208
91254
91305
91537
91772
91884
91928
91962
91982
92055
92059
92295
92296
92318
92337
92410
92422
93035
93326
93624
93637
93670
93806
93826
93904
93946
93972
94423
94458
94511
94545
94560
94578
94641
94682
94689
94769
94782
94813
94834
94930
94952
95310
95325
95359
95513
95563
95620
95629
95643
95656
95674
95763
95841
95966
96126
96168
96214
96369
96411
96446
96781
96955
97102
97251
97429
97466
97527
97545
97573
97584
97616
97627
97649
97666
97716
97736
97758
97793
97874
97923
97966
97992
98042
98246
98524
98867
98907
99096
99326
99613
99704
99807
99850
99868
99994
99996
100018
100195
100219
100575
100617
100932
100976
100979
100992
101255
101377
101400
101414
101514
101639
101698
101836
101883
101913
101987
102170
102344
102365
102397
102430
102463
102664
102972
102988
103024
103198
103225
103396
103398
103550
103782
103831
103896
103996
104053
104180
104411
104442
104555
104657
104721
104837
104904
104998
105065
105071
105149
105239
105345
105389
105409
105428
105641
105797
105885
105896
105907
105939
106053
106142
106176
106210
106355
106694
106851
106857
107175
107197
107241
107282
107348
107391
107402
107458
107473
107570
107573
107581
107629
107697
107786
107798
107903
107932
108013
108111
108214
108239
108310
108529
108584
108618
108633
108699
108751
108975
108976
108998
109159
109167
109627
109680
109812
110010
110639
110665
110766
110790
111005
111072
111090
111291
111341
111425
111486
111579
111636
111642
111726
111760
111764
111834
111871
111957
112157
112168
112178
112214
112235
112255
112512
112608
112718
113000
113132
113206
113282
113346
113349
113355
113365
113475
113609
113668
113844
114027
114119
114176
114266
114351
114532
114576
114611
114626
114675
114682
114928
114975
115233
115266
115717
115795
115830
116242
116276
116308
116587
116683
116739
116970
117301
117308
117659
117683
117830
117984
117996
118118
118220
118326
118370
118414
118423
118548
118669
118710
118844
118881
118959
118972
119169
119346
119361
119366
119420
119490
119550
119562
119565
119629
119710
119754
119781
119876
119946
119971
120020
120096
120116
120190
120294
120351
120465
120675
120764
120768
120936
120944
121011
121035
121119
121263
121414
121462
121531
121552
121620
121707
121761
121886
121916
122343
122520
122629
122692
123014
123088
123119
123172
123224
123264
123365
123453
123481
123502
123552
123586
123654
123791
123949
123967
124052
124078
124138
124205
124395
124473
124582
124870
125151
125200
125245
125362
125461
125636
125701
125710
125738
125812
126124
126215
126395
126451
126516
126601
126611
126882
126935
127126
127253
127257
127324
127352
127767
127794
127885
127950
128074
128093
128168
128473
128479
128594
129139
129144
129204
129221
129545
129592
129598
129890
130192
130272
130394
130521
130679
130734
130889
131113
131250
131414
131869
131939
132040
132315
132321
132352
132361
132378
132413
132552
132731
132915
133051
133096
133470
133533
133534
133582
133636
133751
133827
134001
134097
134159
134443
134475
134568
134618
134628
134913
135047
135193
135215
135300
135461
135691
136014
136074
136078
136306
136384
136392
136435
136659
136708
136828
136937
137002
137057
137064
137118
137174
137235
137377
137414
137509
137579
137654
137795
137935
137962
138173
138197
138205
138320
138353
138394
138579
138595
138610
138635
138739
138741
138890
138943
138948
139116
139136
139145
139164
139449
139613
139816
139850
139890
139999
140057
140288
140384
140386
140440
140454
140600
140606
140718
140814
140829
140913
141003
141081
141176
141268
141276
141403
141422
141647
141678
141822
141879
142007
142071
142175
142239
142254
142291
142321
142348
142723
142736
142921
143006
143079
143139
143167
143260
143423
143693
143790
143826
143876
143901
143902
143928
143941
144037
144144
144170
144192
144247
144283
144383
144564
144775
144789
144818
144892
145051
145095
145117
145121
145131
145308
145534
145584
145622
145664
145718
145939
145998
146316
146413
146566
146570
146583
146622
146726
146748
146757
146802
146814
146942
146991
147111
147189
147271
147442
147475
147594
147720
148213
148225
148241
148298
148433
148533
148557
148766
149005
149077
149145
149149
149289
149375
149644
149715
149792
149811
150069
150181
150210
150219
150255
150551
150647
150703
150840
151074
151157
151195
151275
151363
151631
151668
151716
151884
152203
152386
152387
152436
152591
152640
152901
152928
153011
153023
153143
153184
153300
153347
153541
153557
153591
153852
153999
154506
154511
154610
154721
154739
154850
154864
154887
154954
155061
155202
155287
155398
155457
155528
155539
155813
155851
155852
155875
156130
156175
156226
156294
156389
156445
156464
156466
156557
156574
156782
156812
156826
156846
156911
157131
157212
157375
157380
157538
157677
157880
158003
158067
158102
158157
158189
158290
158366
158471
158727
158787
159077
159097
159338
159493
159540
159784
159797
159814
160053
160097
160169
160227
160263
160265
160295
160422
160448
160565
160626
160639
160891
161050
161169
161223
161395
161450
161562
161618
161630
161684
161712
161745
161771
161859
162029
162060
162230
162246
162297
162316
162325
162471
162520
162555
162656
162816
162924
162934
162959
162998
163032
163137
163281
163568
163573
163690
163917
164136
164550
164631
164686
164735
164951
165001
165055
165056
165080
165092
165146
165154
165156
165271
165358
165409
165613
165649
165657
165725
165759
165840
165860
166071
166131
166316
166457
166694
166699
166744
166889
166931
166956
167082
167112
167138
167378
167414
167457
167475
167666
167753
167758
167914
168099
168132
168163
168546
168637
168720
168746
168752
168772
168956
169078
169172
169396
169430
169654
169834
169868
169930
169999
170128
170341
170387
170395
170555
170557
170820
171200
171276
171339
171456
171720
171742
171790
171960
172088
172129
172337
172359
172529
172537
172634
172655
172892
173012
173061
173148
173438
173565
173580
173650
173899
173982
174031
174044
174389
174418
174421
174446
174573
174739
174880
174912
174971
174987
175018
175073
175133
175284
175329
175377
175445
175490
175526
175715
175868
175939
176042
176149
176299
176379
176405
176556
176795
176827
176831
177193
177477
177487
177715
177735
177820
177934
178240
178243
178368
178593
178794
178795
178852
178895
179098
179130
179185
179451
179516
179594
179708
180222
180564
180908
180941
181043
181162
181201
181276
181301
181493
181594
181614
181649
181926
182085
182150
182176
182237
182256
182294
182313
182480
182547
182664
182710
182927
182973
183017
183188
183291
183514
183537
183568
183573
183594
183640
183700
183785
183869
184019
184084
184160
184171
184178
184229
184308
184327
184430
184654
184692
184731
185186
185413
185636
185652
185679
185751
185810
186037
186040
186044
186080
186209
186266
186340
186450
186638
186906
187143
187155
187241
187316
187330
187401
187555
187567
187588
187654
187677
187847
187974
188056
188066
188073
188158
188503
188550
188627
188646
188667
188724
188783
188803
189019
189117
189159
189179
189222
189473
189630
189934
190065
190167
190217
190305
190425
190556
190672
190719
190802
190926
191132
191267
191663
191752
191755
191936
191961
192259
192401
192800
192811
192818
192847
192913
192930
192988
193079
193319
193411
193720
193757
193818
193862
194143
194546
194760
194776
194851
194969
195085
195243
195361
195440
195472
195646
195692
195892
195984
196041
196059
196187
196242
196243
196412
196481
196494
196653
196694
196911
197062
197064
197132
197303
197377
197383
197509
197579
197636
197731
197810
197816
198202
198663
198994
199028
199055
199072
199092
199122
199140
199212
199254
199312
199367
199405
199448
199451
199659
199734
199742
199834
199836
199869
200051
200337
200386
200845
200896
200924
201158
201255
201332
201528
201603
201629
201863
201898
201939
202087
202127
202177
202338
202500
202511
202544
202647
202897
202957
203322
203440
203547
203765
203880
203974
203993
204110
204206
204607
204915
205047
205171
205438
205587
205625
205721
205837
205973
206012
206606
206647
206854
206909
207007
207356
207428
207731
207757
207772
207963
208296
208376
208496
208535
208573
208622
208727
208781
208802
208855
208894
209044
209100
209144
209146
209159
209267
209365
209374
209385
209398
209452
209505
209612
209902
210026
210040
210297
210418
210445
210477
210548
210608
210647
210743
210922
210960
211250
211383
211469
211505
211727
211741
211883
211895
211915
211976
212137
212146
212177
212559
212616
212686
212705
212952
212994
213068
213214
213446
213487
213588
213701
213795
213910
213933
214181
214353
214447
214498
215154
215161
215173
215379
215397
215425
215477
215535
215565
215651
215780
216092
216612
216656
216773
216800
216818
216823
216881
216899
216916
216995
217005
217220
217221
217346
217402
217413
217722
217723
217782
217881
218353
218379
218572
218877
219036
219162
219205
219553
219684
219832
219869
219899
220038
220039
220073
220256
220281
220392
220759
220800
220861
220939
220989
221020
221048
221231
221275
221449
221494
221659
221686
221791
221941
222022
222086
222096
222142
222167
222182
222409
222423
222652
222955
223072
223095
223404
223508
223530
223717
223788
224082
224130
224319
224345
224381
224597
224643
224729
224875
224993
225146
225230
225258
225465
225468
225583
225595
225772
225933
226040
226061
226130
226222
226387
226441
226639
226895
227114
227408
227558
227738
227797
227823
227900
227999
228182
228275
228367
228411
228486
228552
228808
229021
229056
229157
229183
229258
229344
229437
229448
229471
229642
229659
229772
229974
230019
230069
230080
230283
230545
230646
230914
231087
231148
231230
231241
231251
231307
231444
231512
231522
231577
231625
231768
231780
231942
232022
232103
232120
232286
232311
232335
232360
232518
232542
232665
232785
232823
232873
232881
233049
233086
233164
233238
233365
233507
233524
233726
233746
233752
234026
234053
234081
234153
234176
234639
234665
234865
235113
235134
235137
235203
235217
235421
235445
235552
235612
235615
235729
235765
235790
236047
236290
236422
236504
236540
236574
236633
236650
236828
237144
237178
237232
237256
237264
237288
237547
237730
238161
238475
238533
238536
238564
238596
238651
238703
238968
239030
239220
239303
239499
239513
239592
239669
240044
240062
240068
240174
240341
240497
240633
240820
240927
240932
240977
241099
241162
241192
241288
241292
241296
241535
241736
242128
242129
242239
242389
242397
242446
242495
242675
242716
242720
242924
242948
243007
243118
243420
243461
243467
243500
243807
243923
243962
243977
244026
244068
244098
244119
244146
244312
244315
244316
244762
244831
244907
244959
245180
245369
245386
245517
245536
245722
245884
245896
245925
246024
246174
246205
246269
246277
246415
246629
246961
247088
247231
247259
247428
247459
247582
247625
247678
247745
247781
247861
248041
248235
248237
248273
248411
248455
248658
248728
249068
249087
249119
249136
249183
249185
249433
249489
249556
249565
249736
250021
250132
250161
250164
250229
250280
250385
250405
250484
250786
250867
250878
250905
250921
250956
250967
251083
251198
251516
251974
251997
252023
252036
252153
252249
252356
252415
252422
252528
252572
252593
252673
252674
252792
252838
252867
253080
253480
253690
253777
253814
253961
254085
254200
254235
254367
254377
254533
254646
254655
254801
254854
254897
255021
255090
255123
255135
255400
255506
255528
255570
255671
255709
255761
255836
256059
256150
256355
256430
256600
256622
256702
256717
256736
256773
256787
257034
257420
257657
257666
257724
258133
258175
258207
258421
258494
258568
258607
258771
259168
259249
259295
259409
259414
259486
259535
259555
259579
259778
259822
259896
259947
259961
260096
260221
260222
260247
260276
260289
260297
260316
260322
260330
260651
260735
260804
260846
260909
261055
261250
261303
261609
261650
261662
261736
261805
261824
261941
261989
261993
262035
262147
262227
262230
262246
262292
262529
262552
262732
262778
262801
262829
262865
262874
263165
263319
263550
263615
263626
263807
263871
263926
264144
264236
264239
264525
264650
264659
264679
264742
264955
265015
265018
265406
265617
265618
265953
265971
266105
266314
266431
266641
266642
266776
266817
266881
267095
267271
267382
267403
267508
267729
267865
267931
268214
268322
268355
268371
268402
268690
268691
268900
269054
269125
269452
269761
269826
270196
270211
270233
270328
270343
270413
270587
270804
270902
271212
271216
271222
271224
271306
271393
271782
271840
272028
272273
272315
272387
272427
272793
272804
272933
273216
273276
273432
273441
273453
273668
273791
273812
273832
273903
273995
274258
274267
274320
274492
274680
274896
274921
275097
275201
275311
275504
275581
275617
275722
275754
275769
275871
276021
276085
276106
276141
276142
276183
276195
276807
276955
276967
277075
277198
277203
277304
277312
277319
277370
277405
277501
277511
277746
277860
277877
277880
277896
277932
278082
278085
278095
278150
278258
278297
278361
278428
278517
278535
278727
279190
279449
279473
279676
279766
279786
279825
279946
279947
279963
280028
280150
280310
280329
280439
280464
280465
280746
280901
280989
281342
281433
281444
281502
281581
281607
281631
281770
281819
281880
281981
282146
282154
282271
282495
282507
282602
282870
282967
283060
283062
283091
283201
283572
284076
284218
284263
284303
284424
284434
284459
284489
284685
284815
284913
285037
285071
285166
285192
285320
285353
285470
285577
285647
285765
285898
286042
286090
286193
286436
286488
286544
286604
286706
286741
286780
286814
286886
286929
287096
287286
287330
287636
287748
287782
287813
287892
287936
288016
288078
288086
288204
288339
288375
288389
288519
288698
288755
288792
288946
289039
289279
289282
289340
289362
289366
289511
289617
289666
289688
289913
289930
289939
290088
290119
290120
290334
290421
290743
290782
290794
290946
291369
291476
291622
291668
291704
291740
291773
291865
292004
292075
292099
292136
292227
292477
292559
292670
292683
293212
293243
293308
293328
293366
293418
293448
293804
293880
293916
293964
293992
294083
294247
294450
294579
294739
295023
295192
295198
295307
295442
295459
295818
295968
296020
296408
296439
296451
296567
296578
296635
296745
296809
296882
297005
297026
297027
297223
297368
297571
297809
297846
297949
297979
298151
298194
298301
298313
298384
298433
298505
298761
298768
298830
298910
298916
298987
299105
299279
299449
299607
299628
299803
299817
299899
299990
300009
300096
300384
300404
300441
300487
300538
300614
300692
300814
300850
301022
301036
301137
301198
301244
301338
301601
301602
301603
301610
301659
301769
302020
302096
302099
302218
302620
302630
302692
302808
302865
303042
303314
303387
303445
303507
303528
303578
303662
303742
303859
303915
304309
304466
304561
304598
304681
304694
304771
304955
305134
305323
305407
305420
305482
305509
305605
305663
305759
305844
305986
306024
306039
306166
306278
306327
306703
306849
307057
307151
307419
307618
307696
307757
307835
308036
308054
308334
308463
308467
308474
308528
308545
308721
308823
308857
309030
309222
309234
309307
309355
309369
309440
309445
309477
309478
309531
309571
309698
309727
309783
309898
309963
310000
310016
310035
310160
310244
310401
310636
310833
311120
311797
311847
311882
311893
312071
312170
312534
312687
312848
312856
312886
312938
312942
312974
312999
313058
313118
313305
313328
313357
313369
313433
313685
313769
313791
313814
313833
313884
313921
314012
314164
314295
314313
314353
314455
314527
314546
314569
314608
314777
314849
314870
314889
314910
314922
314985
315029
315076
315098
315344
315568
315743
315759
315779
315783
315989
316061
316232
316282
316302
316422
316423
316503
316528
316613
316768
316793
316797
316822
316869
316950
317003
317012
317212
317329
317530
317534
317543
317776
317915
318083
318319
318594
318635
318667
318672
318862
318897
318992
319149
319343
319348
319394
319457
319491
319588
319625
319739
319939
320015
320214
320297
320310
320349
320523
320984
321080
321384
321517
321549
321709
321727
322002
322448
322451
322554
322623
322722
322823
322998
323026
323139
323232
323241
323256
323284
323331
323401
323404
323528
323869
323939
323993
324008
324065
324308
324314
324398
324500
324553
324620
324703
324960
325138
325236
325301
325346
325434
325469
325486
325498
325790
325845
326053
326084
326087
326147
326236
326503
326711
326775
326858
327040
327110
327252
327270
327305
327557
327617
327626
327659
327704
327730
327766
327841
327897
327905
328096
328122
328267
328399
328429
328572
328628
328638
328709
328838
328914
328930
328993
329119
329159
329164
329287
329445
329502
329657
329761
329776
329780
329795
329861
329963
330201
330310
330463
330738
330776
330779
330828
330876
330926
330984
331064
331067
331246
331414
331495
331535
331699
331737
331752
331773
331845
331862
331976
332043
332061
332125
332270
332427
332441
332695
332711
332918
333025
333222
333299
333451
333507
333632
333674
333955
334002
334165
334168
334198
334217
334367
334394
334400
334617
334640
334652
334827
335039
335109
335112
335239
335281
335476
335788
335872
336208
336219
336241
336272
336318
336454
336467
336526
336653
336768
336814
337145
337226
337237
337408
337433
337477
337666
337742
337758
337864
337902
337960
337978
338041
338270
338273
338302
338334
338503
338548
338756
338908
338977
339121
339162
339173
339307
339320
339375
339403
339498
339658
339813
339817
339902
340035
340131
340140
340189
340277
340424
340464
340536
340544
340677
340802
340839
340881
340930
340981
340998
341183
341244
341699
341716
341819
341968
342027
342099
342230
342589
342622
342707
342722
343187
343199
343238
343254
343312
343341
343716
343848
343856
343897
343939
344056
344061
344207
344295
344432
344519
344525
344625
345200
345280
345549
345637
345658
345705
345824
345888
346239
346265
346290
346305
346337
346373
346479
346569
346620
346663
346747
346859
346922
346954
346968
347067
347148
347177
347195
347235
347255
347329
347362
347411
347596
347655
347668
347704
347828
347832
347843
347848
347997
348005
348048
348098
348121
348321
348354
348475
348588
348671
348787
349138
349218
349247
349472
349479
349499
349555
349709
349759
349773
350006
350632
350905
350912
350996
351284
351291
351317
351387
351470
351475
351577
351936
352058
352161
352457
352497
352618
352713
352737
352909
352944
353123
353487
353777
353894
353907
353961
354019
354161
354245
354278
354349
354352
354366
354508
354733
354803
354861
354877
354992
355007
355168
355193
355395
355505
355556
355627
355784
356005
356160
356331
356385
356480
356637
356699
356717
356778
356871
357137
357256
357264
357311
357411
357455
357806
357938
357943
358332
358388
358411
358521
358605
358823
358955
359315
359316
359370
359381
359513
359536
359731
359743
359762
359836
359946
360120
360263
360317
360437
360455
360491
360554
360572
360589
360663
360745
360857
360971
360987
361076
361083
361145
361249
361260
361264
361551
361724
361792
361888
361899
361939
362066
362147
362351
362479
362544
362659
362814
362831
362974
363188
363251
363546
363625
363656
364032
364069
364158
364189
364301
364354
364552
364663
364825
364831
364863
365004
365219
365227
365249
365509
365549
365648
365746
365962
365973
366346
366375
366566
366634
366643
366704
366749
366813
366960
367121
367335
367506
367544
367663
367856
368074
368145
368154
368203
368247
368292
368512
368611
368623
368727
368765
368845
368900
369007
369038
369082
369283
369348
369412
369435
369438
369685
369954
370037
370040
370248
370281
370711
370771
370774
370858
371042
371106
371136
371371
371496
371507
371658
372039
372060
372253
372358
372390
372528
372541
372640
372787
372899
372932
373023
373095
373321
374158
374175
374314
374440
374486
374795
374894
375075
375190
375308
375351
375479
375565
375623
375644
375691
375876
375911
376018
376096
376105
376167
376211
376224
376395
376417
376479
376556
376701
376710
376712
376948
376993
377017
377114
377214
377400
377496
377617
377685
377712
377717
377808
377880
377934
377943
378120
378221
378323
378356
378411
378427
378458
378496
378638
378666
378799
379052
379167
379201
379353
379358
379404
379430
379580
379625
379742
379781
379818
379867
380133
380211
380303
380573
380612
380805
380941
380959
380992
381104
381540
381574
381657
381760
381913
381995
382199
382364
382554
382584
382614
382746
382812
383010
383041
383162
383366
383405
383542
383545
383551
383561
383588
383629
383699
383713
384123
384150
384398
384682
384774
384914
384945
385178
385191
385397
385415
385416
385548
385604
385709
385896
386162
386244
386251
386473
386490
386649
386814
386831
386839
386945
386996
386999
387151
387158
387345
387380
387477
388028
388162
388196
388368
388528
388539
388571
388712
388848
388984
389033
389043
389102
389227
389244
389438
389439
389518
389633
389737
389776
389906
389933
390084
390321
390394
390532
390559
390586
390722
390748
390917
390963
391172
391225
391255
391326
391329
391435
391439
391559
391738
391774
391794
391979
392052
392073
392077
392124
392127
392292
392393
392408
392483
392650
393049
393124
393172
393247
393282
393396
393417
393468
393537
393580
393663
393696
393892
394322
394468
394552
394609
394747
394763
394900
394956
394976
395019
395129
395303
395397
395489
395490
395521
395533
395833
396119
396583
396737
396764
396905
396922
397030
397073
397108
397316
397346
397382
397399
397455
397519
397542
397562
397687
397700
397859
397887
398138
398197
398290
398343
398382
398458
398468
398535
398591
398658
398676
398724
398851
398855
398858
399095
399152
399194
399226
399371
399385
399407
399534
399581
399669
399749
399755
399889
399898
399941
399974
400080
400112
400118
400156
400209
400422
400773
401058
401066
401078
401124
401126
401261
401312
401320
401451
401574
401583
401620
401641
401650
401677
401936
402181
402206
402219
402233
402349
402460
402491
402594
402630
402686
402744
402810
402995
403159
403348
403380
403457
403489
403572
403906
403951
404048
404186
404452
404620
404630
404684
404832
404924
405116
405298
405341
405343
405426
405629
405674
405785
405910
405977
406216
406224
406235
406281
406313
406351
406380
406415
406637
406881
406945
406951
407135
407247
407286
407290
407333
407475
407517
407523
407524
407723
407746
407777
408004
408024
408060
408396
408422
408489
408548
408654
408783
408926
408930
409386
409420
409711
409985
410133
410623
410780
410954
410997
411122
411484
411564
411612
411776
411929
411967
411981
411987
412022
412040
412042
412151
412160
412344
412509
412842
413037
413160
413224
413296
413477
413507
413697
413741
413927
413982
414186
414306
414337
414463
414521
414664
414798
414812
414828
414850
414913
414991
415011
415018
415032
415035
415182
415287
415492
415594
415712
415898
415922
415973
416059
416176
416224
416278
416297
416332
416359
416379
416444
416656
416716
416760
416774
416791
417035
417196
417206
417307
417368
417375
417469
417479
417500
417568
417584
417643
417754
417821
417885
418084
418098
418309
418373
418582
418801
418836
419029
419066
419093
419218
419453
419692
419902
419904
420018
420040
420051
420106
420172
420245
420252
420274
420286
420304
420400
420521
420651
420884
421063
421126
421233
421805
421818
421947
422060
422179
422419
422548
422842
422866
422979
422986
422988
423013
423037
423389
423579
423727
423808
423831
423956
424035
424045
424068
424094
424252
424434
424533
424707
424723
424814
424965
425110
425146
425151
425187
425392
425505
425556
425750
425800
425818
425942
426117
426156
426170
426259
426673
426833
426911
426949
427398
427433
427809
427865
427940
428090
428129
428184
428231
428361
428436
428497
428625
428705
428728
429008
429016
429068
429088
429161
429322
429399
429660
429711
429893
429954
430074
430311
430720
430728
430749
430764
430816
430849
430859
431071
431228
431262
431319
431589
431641
431709
431712
431736
431762
432005
432067
432227
432322
432368
432373
432424
432459
432699
432723
432794
432961
433020
433108
433121
433174
433301
433321
433377
433525
433648
433649
433672
433856
433911
433914
433973
434037
434061
434096
434098
434130
434152
434153
434303
434346
434572
434574
434603
434753
434773
435020
435037
435050
435098
435352
435604
435612
435673
435686
435810
435820
435970
436045
436135
436158
436181
436196
436236
436390
436476
436548
436740
436754
436774
436801
436802
436822
437017
437020
437211
437605
437757
437862
437983
438184
438446
438555
438620
438897
438967
438997
439001
439122
439170
439375
439450
439486
439589
439599
439605
439740
439898
439963
439976
440038
440186
440208
440218
440226
440463
440552
440656
440781
440869
440897
441119
441307
441315
441409
441557
441996
442042
442226
442306
442374
442417
442666
442750
442828
442904
442983
443143
443481
443555
443588
443681
443692
443732
443814
443940
443973
444114
444136
444150
444151
444154
444278
444393
444536
444611
444730
444815
444920
445120
445790
445798
445807
446157
446173
446688
446768
446815
446980
447080
447180
447181
447389
447470
447494
447798
447820
447952
448081
448324
448377
448462
448479
448580
448965
449112
449186
449245
449323
449433
449660
449793
449865
449956
450081
450089
450137
450179
450246
450268
450418
450513
450664
450770
450797
450955
450956
450961
451096
451344
451365
451488
451504
451524
451533
451574
451607
451860
451914
451989
452091
452248
452275
452457
452825
452855
452917
453014
453125
453214
453633
453834
453873
454059
454197
454582
454730
454779
454987
455052
455251
455292
455401
455589
455596
455673
455791
455844
455884
456068
456106
456112
456379
456501
456526
456542
456641
456732
456839
457007
457058
457239
457309
457409
457592
457925
458089
458176
458320
458339
458723
458737
458752
458933
458936
458976
459022
459023
459381
459398
459447
459450
459457
459469
459507
459713
459753
460030
460285
460295
460398
460485
460623
460767
460905
460959
461097
461101
461124
461239
461267
461477
461607
461694
461859
461865
461999
462094
462236
462462
462543
462721
462806
463173
463187
463246
463298
463303
463324
463339
463513
463516
463638
463688
463690
463711
463864
463873
464071
464226
464276
464478
464523
464531
464586
464635
464637
464656
464687
464920
464971
465108
465198
465230
465330
465412
465471
465504
465765
465776
465897
466297
466339
466453
466509
466686
466732
466843
466991
467122
467200
467262
467315
467429
467432
467493
467574
467576
467676
467773
467896
467935
467951
468127
468238
468288
468325
468436
468449
468640
468784
468849
468881
469237
469865
469945
470050
470325
470392
470405
470616
470646
470711
470735
470852
470880
470988
471023
471029
471145
471213
471228
471404
471413
471435
471578
471579
471635
471706
471778
471832
471923
471932
472161
472230
472387
472388
472398
472407
472436
472536
472623
472700
472788
472908
473039
473041
473209
473417
473489
473546
473639
473858
473866
473869
473947
473962
474001
474012
474167
474379
474425
474514
474579
474751
474760
474843
474978
475301
475394
475435
475458
475497
475528
475575
475679
475682
475718
475755
475763
475779
475786
476086
476136
476419
476535
476728
476769
476782
476786
476805
476849
476877
476919
477079
477110
477309
477450
477456
477461
477463
477538
477714
478073
478160
478368
478621
478634
478693
478715
478720
478933
478938
478975
478987
479027
479094
479123
479187
479247
479318
479404
479434
479441
479536
479605
479770
479776
479798
479911
480101
480102
480233
480292
480412
480547
480718
480728
480921
481003
481137
481141
481206
481294
481395
481532
481682
481741
481894
481906
481992
482071
482087
482418
482446
482662
482732
482992
483000
483100
483214
483220
483367
483388
483550
483646
483671
483757
483863
484045
484106
484125
484172
484417
484487
484498
484714
484838
484935
485100
485188
485331
485394
485494
485517
485556
485854
486097
486208
486279
486288
486462
486490
486768
486819
486830
487002
487115
487192
487213
487274
487282
487455
487467
487546
487575
487623
487648
487686
487853
488002
488003
488316
488461
488557
488640
488694
488899
488983
489131
489368
489491
489554
489710
489887
490094
490110
490755
490785
490795
491022
491081
491147
491465
491534
491699
491798
491897
491989
492085
492198
492296
492489
492738
492841
492972
492984
493152
493355
493393
493403
493446
493554
493602
493649
493687
493699
493821
493894
494078
494241
494312
494379
494514
494580
494596
494681
495002
495036
495158
495351
495404
495631
495793
495948
495951
495962
496025
496116
496171
496249
496395
496520
496564
496574
496756
496864
497012
497126
497305
497440
497549
497635
497643
497732
497889
497923
497960
498216
498302
498357
498369
498424
498598
498733
498807
498820
498844
498969
498985
499127
499219
499284
499292
499380
499397
499687
499704
499753
499948
499968
500149
500241
500318
500590
500641
500646
500905
500935
501207
501410
501476
501554
501608
501776
501903
501916
501968
502073
502184
502248
502278
502290
502300
502351
502381
502514
502681
502780
502985
503110
503268
503660
503704
503787
503935
504012
504283
504605
504740
504884
504906
505048
505065
505139
505254
505339
505382
505529
505543
505612
505666
505719
505806
505904
505937
505972
506109
506121
506186
506222
506384
506390
506404
506489
506545
506676
506680
506957
506983
506990
507122
507157
507259
507699
507719
507753
507774
507868
507993
508136
508149
508205
508223
508257
508876
508913
508947
508993
509172
509231
509232
509253
509462
509597
509892
510258
510268
510271
510310
510311
510451
510511
510626
510856
510866
511174
511187
511233
511265
511329
511540
511552
511559
511650
511751
511833
511945
511994
512036
512262
512311
512340
512356
512438
512530
512573
512756
512855
513117
513234
513261
513358
513425
513426
513641
513707
513731
513742
513898
513989
514013
514084
514259
514379
514426
514435
514646
514663
514723
514796
514858
515060
515276
515318
515500
515530
515611
515633
515827
515895
515929
516137
516256
516342
516428
516554
516596
517033
517077
517326
517437
517488
517555
517781
517904
518019
518105
518119
518306
518317
518382
518392
518746
518927
518934
519013
519373
519389
519447
519536
519696
519886
519920
520226
520248
520287
520306
520465
520509
520526
520856
521199
521433
521530
521533
521546
521691
521718
521800
521841
521917
521919
522230
522469
522584
522605
522669
522707
522864
522987
522998
523059
523125
523238
523285
523481
523555
523557
523850
523866
523879
524108
524139
524203
524344
524369
524563
524776
524783
524788
524902
524970
524977
525119
525387
525465
525600
525721
526169
526195
526199
526214
526392
526428
526491
526560
526611
526690
526725
526797
526806
526883
526930
526986
527262
527276
527290
527335
527611
527778
527786
528313
528370
528373
528597
528689
528705
528750
528859
529057
529146
529208
529247
529298
529663
529678
529903
529959
529979
529990
529996
530041
530108
530126
530299
530458
530535
530538
530573
530829
531219
531221
531302
531413
531553
531699
531756
531815
531958
531971
531981
532060
532280
532323
532342
532351
532401
532496
532623
532929
533025
533030
533036
533188
533243
533447
533469
533541
533590
533853
534150
534273
534277
534473
534723
535167
535205
535218
535239
535280
535348
535482
535593
535617
535618
535638
535740
535962
536004
536107
536141
536265
536361
536435
536521
536561
537179
537234
537333
537450
537544
537727
538009
538169
538179
538214
538220
538289
538401
538807
538857
539031
539111
539131
539292
539403
539535
539593
539728
539995
540299
540310
540410
540418
540490
540546
540659
540828
540869
540970
541058
541198
541218
541455
541590
541593
541704
541722
541737
541760
541922
541975
542081
542121
542347
542421
542491
542717
542752
542892
542895
542899
543042
543118
543269
543323
543377
543623
543878
543899
543998
544103
544173
544315
544500
544559
544676
544719
544932
544951
545007
545009
545175
545561
545583
545617
545865
545895
545928
545940
546012
546230
546240
546313
546384
546417
546428
546453
546571
546622
546699
546781
547091
547341
547403
547718
547923
547945
547957
547967
548102
548122
548141
548177
548410
548513
548558
548615
548684
548736
548887
548913
549063
549249
549262
549300
549395
549414
549435
549525
549526
549577
549697
549713
549753
549787
549855
549857
549939
550121
550131
550311
550607
550744
550912
550916
551002
551033
551231
551273
551356
551363
551499
551613
551640
551752
551860
551963
552021
552029
552108
552329
552388
552530
552654
553081
553306
553349
553408
553815
553829
553948
554531
554634
554640
554718
554816
555132
555134
555149
555178
555550
555552
555575
555736
556116
556127
556251
556268
556278
556329
556379
556639
556711
556829
556837
556926
556932
556937
556968
557062
557244
557381
557487
557772
557783
558065
558131
558136
558198
558453
558582
558623
558624
558850
559024
559106
559381
559392
559399
559543
559572
559614
559711
559713
559835
559837
559921
559951
560069
560081
560086
560226
560324
560384
560605
560708
560814
560957
561091
561147
561527
561652
561654
561671
561762
561894
561916
561957
562093
562146
562203
562262
562275
562336
562407
562445
562628
562636
562728
562761
562968
562986
563051
563054
563123
563244
563356
563483
563628
563658
563723
563750
563772
563876
563996
564032
564058
564107
564139
564315
564365
564593
564607
564739
564742
564781
564939
565136
565158
565427
565482
565484
565492
565497
565579
565610
565621
565883
565892
565979
565990
566157
566211
566362
566390
566432
566456
566479
566820
566836
566843
566847
567036
567296
567451
567460
567650
567750
567776
567851
567915
568373
568458
568471
568507
568532
568573
568843
568882
568950
568969
569097
569408
569460
569488
569576
569578
569605
569691
569827
569868
569902
570027
570053
570065
570143
570511
570557
570792
570892
570913
570968
570977
571015
571412
571858
571971
572079
572092
572130
572133
572233
572536
572547
572661
572808
572892
572896
572949
572967
573095
573108
573149
573167
573619
573867
573896
573929
574122
574251
574295
574416
574485
574553
574566
574765
574779
574842
574993
575074
575191
575210
575458
575462
575512
575547
575771
575898
575914
576051
576276
576289
576363
576365
576429
576510
576566
576680
576710
576713
576802
576818
576820
576843
576884
576967
577057
577079
577086
577124
577210
577236
577321
577390
577438
577596
577599
578043
578083
578115
578116
578255
578388
578440
578443
578469
578478
578719
578727
578805
578856
578870
578897
578923
578944
579077
579364
579549
579720
579902
579958
580096
580097
580099
580189
580238
580278
580358
580412
580472
580493
580557
580828
580933
581028
581070
581128
581141
581242
581343
581456
581478
581489
581542
581687
581866
581868
581896
582032
582051
582144
582145
582316
582765
582789
582851
582959
583165
583286
583347
583390
583397
583635
583761
583783
584004
584041
584194
584357
584384
584413
584482
584572
584632
584646
584791
584929
585066
585098
585126
585181
585193
585196
585253
585365
585466
585472
585549
585766
585864
585941
585997
586072
586075
586179
586187
586252
586273
586464
586716
586810
587044
587080
587234
587360
587569
587638
587713
587783
587923
588132
588153
588215
588426
588508
588534
588602
588637
588678
588730
588861
588866
588933
588956
588967
589107
589179
589275
589318
589444
589485
589593
589648
589704
589849
589964
590016
590180
590268
590341
590462
590500
590525
590579
590653
590882
590982
590984
590996
591119
591194
591240
591303
591353
591364
591380
591573
591655
591807
591912
592002
592099
592282
592354
592385
592447
592458
592683
592862
592960
593022
593024
593127
593128
593297
593343
593418
593419
593423
593643
593830
593868
594116
594223
594229
594316
594397
594423
594587
594731
594764
594799
594849
594916
595048
595164
595225
595361
595370
595403
595417
595551
595990
596251
596296
596557
596580
596707
596750
596856
597062
597347
597467
597530
597717
597766
597856
597978
597983
598128
598199
598357
598384
598388
598717
598749
598782
598967
599083
599121
599166
599198
599245
599298
599378
599405
599425
599544
599573
599704
599716
599743
599809
599829
599929
600056
600067
600076
600081
600383
600495
600521
600534
600538
600556
600660
600705
600727
600870
601253
601334
601344
601581
601761
601790
601800
601949
601969
601987
602022
602042
602080
602427
602593
602727
602733
602819
602826
602833
602891
602980
603080
603139
603178
603198
603634
603655
603656
603727
603766
603853
603867
603869
603998
604095
604106
604201
604223
604238
604272
604277
604570
604596
604660
604663
604677
604788
604875
605050
605393
605397
605445
605474
605526
605615
605693
605711
605748
605991
606005
606007
606063
606135
606174
606403
606574
606658
606739
606794
607021
607040
607090
607275
607314
607616
607727
608093
608158
608502
608519
608717
608792
608798
608851
608979
608982
609231
609254
609303
609805
610156
610169
610224
610434
610527
610610
610754
610805
610948
610981
611033
611046
611116
611248
611324
611344
611474
611484
611680
611868
611878
611922
612024
612056
612353
612356
612401
612451
612546
612554
612879
612955
612982
613099
613110
613543
613762
613799
613805
613886
614015
614054
614334
614483
614549
614590
614867
614923
614953
615104
615332
615336
615388
615429
615448
615519
615551
615643
615870
615895
616113
616118
616126
616225
616338
616482
616493
616886
616966
617024
617113
617181
617265
617413
617457
617466
617476
617558
617661
617889
617942
618213
618226
618241
618337
618372
618439
618697
618836
618849
618975
618990
619176
619221
619284
619446
619489
619531
619677
620148
620298
620407
620432
620556
620644
620647
620859
620928
620970
620995
621121
621254
621301
621549
621946
622503
622518
622565
622615
622650
622651
622656
622665
622725
622774
622780
622795
622886
622899
622937
623155
623266
623398
623870
623939
623945
623948
623952
624041
624103
624145
624377
624540
624702
624756
624834
624932
625030
625078
625084
625113
625173
625185
625329
625339
625376
625380
625397
625510
625550
625637
625726
625780
625850
625874
625905
625920
625969
626003
626111
626121
626152
626258
626410
626495
626543
626612
626822
626928
626962
626979
627086
627094
627320
627354
627761
628038
628437
628471
628492
628636
628950
629057
629094
629153
629180
629252
629371
629402
629575
629577
629718
630025
630193
630343
630421
630889
631262
631264
631559
631650
631661
631718
631728
631792
631894
631977
632063
632209
632512
632556
632590
632608
632697
632789
633039
633052
633553
633561
633760
633801
634035
634086
634155
634210
634356
634366
634394
634487
634534
634565
634775
634792
634836
634924
634992
635022
635053
635111
635163
635324
635388
635605
635656
635710
635770
635818
635863
635988
636030
636059
636095
636129
636130
636408
636553
636565
636745
636818
637086
637107
637460
637517
637846
637894
637967
638221
638407
638419
638448
638457
638543
638551
638576
638577
638584
638613
638635
638720
639008
639098
639244
639427
639711
639717
639905
639966
639979
640255
640524
640632
640725
640774
640967
641003
641018
641055
641079
641181
641194
641209
641390
641599
641603
641674
641709
641784
641804
642039
642053
642108
642198
642412
642439
642544
642686
642818
642848
642865
642917
643003
643052
643378
643453
643473
643512
643520
643644
643684
643789
643852
643863
643937
643966
644129
644274
644328
644333
644481
644610
644674
644718
644793
644883
644986
645073
645197
645239
645270
645414
645474
645512
645558
645584
645830
645915
645919
645972
646002
646036
646081
646154
646253
646281
646447
646467
646624
646850
646901
646910
646915
646947
647033
647351
647453
647703
647736
647847
647850
647983
648052
648127
648133
648151
648270
648276
648314
648386
648458
648564
648645
648665
648696
649137
649253
649342
649468
649498
649609
649641
649813
649838
649840
649863
649871
649887
650318
650324
650403
650706
650803
650810
650817
651034
651051
651168
651194
651303
651332
651517
651924
652011
652483
652801
652878
652966
653004
653050
653064
653205
653306
653323
653404
653425
653453
653484
653516
653518
653534
653898
654280
654487
654644
654813
654858
655087
655383
655395
655420
655455
655498
655602
655674
655698
655700
655744
655788
655843
655900
655910
655993
656190
656401
656596
656883
656912
656944
657057
657128
657193
657246
657386
657629
657667
657685
657694
657711
657924
657937
658015
658309
658452
658589
658765
658775
659104
659172
659176
659531
659580
659726
659827
660021
660047
660093
660120
660351
660356
660458
660626
660830
660914
660929
661282
661286
661338
661393
661532
661685
661701
661759
661820
661938
662055
662308
662398
662423
662550
662652
662903
663121
663311
663508
663646
663653
663686
663829
663928
663984
664000
664001
664100
664259
664343
664406
664441
664442
664532
664575
664678
664693
664845
664873
664926
665046
665095
665105
665213
665320
665620
665678
665822
665905
666158
666269
666275
666371
666459
666549
666563
666738
666764
666833
667033
667090
667542
667678
667782
667814
667830
668061
668169
668470
668480
668507
668595
668636
668676
668706
668854
668891
668933
669018
669077
669180
669191
669320
669536
669567
669646
669737
669752
669883
669952
669975
669987
669989
670030
670147
670153
670318
670487
670532
670556
670593
670718
670864
670872
671088
671237
671394
671425
671590
671652
671697
671712
671736
671967
672036
672097
672124
672324
672464
672550
672561
672580
672612
672642
672687
672741
672865
672875
672925
672985
673045
673088
673452
673462
673540
673870
673918
673962
673971
674020
674079
674225
674396
674558
674565
674567
674591
674652
674734
674751
675636
675721
675885
675933
675958
675960
675981
675990
676001
676149
676234
676320
676364
676502
676604
676796
676856
676909
676913
677015
677255
677273
677278
677308
677366
677370
677406
677486
677513
677558
677568
677737
677968
678120
678159
678324
678428
678553
678636
678700
678720
678748
678787
678818
678827
678998
679091
679094
679112
679172
679414
679445
679514
679776
679956
680027
680081
680233
680364
680432
680663
680714
680768
680776
680840
680956
680999
681113
681121
681403
681406
681433
681446
681453
681463
681533
681571
681595
681664
681725
682054
682139
682141
682535
682591
682661
682759
683112
683157
683176
683226
683238
683414
683501
683691
683823
683932
683984
684167
684488
684607
684733
684793
685010
685073
685111
685197
685280
685315
685386
685424
685428
685436
685491
685672
685743
686041
686224
686341
686385
686393
686406
686508
686516
686563
686587
686594
686641
686735
686789
686837
687237
687247
687277
687313
687326
687351
687436
687554
687584
687603
687757
687836
687923
687926
687991
688049
688108
688457
688637
688772
688784
688793
688842
689023
689089
689233
689237
689275
689305
689461
689472
689545
689558
689606
689786
689880
690017
690077
690203
690266
690388
690441
690658
690731
690855
690897
690909
690917
690993
690995
691201
691308
691309
691423
691444
691454
691505
691567
691691
691798
691998
692094
692165
692232
692267
692282
692451
692509
692616
692687
692764
692818
692984
693024
693029
693150
693169
693223
693300
693384
693655
693805
693856
693889
693939
694022
694042
694083
694093
694125
694178
694180
694299
694303
694395
694530
694622
694663
694769
694799
694868
694963
695186
695205
695556
695578
695612
695613
695650
695759
695781
695847
695928
695951
696101
696212
696353
696405
696503
696643
696772
696787
696982
697229
697416
697492
697557
697660
697860
698359
698435
699080
699143
699233
699287
699330
699396
699539
699565
699891
700005
700224
700280
700305
700499
700596
700646
700674
700722
701062
701364
701432
701474
701520
701765
701978
702131
702191
702258
702371
702382
702448
702559
702571
702667
702685
702729
702812
702897
703024
703055
703204
703281
703458
703571
703724
703787
703904
703950
703953
704066
704091
704258
704313
704314
704318
704378
704505
704667
704737
704758
704791
704938
705000
705034
705139
705188
705200
705448
705477
705511
705668
705893
706004
706033
706073
706215
706309
706357
706396
706423
706537
706707
706765
706774
706848
706866
706995
707053
707115
707160
707166
707256
707617
707764
708011
708029
708308
708340
708446
708640
708699
709083
709147
709176
709217
709489
709570
709589
709621
709641
709794
709922
710029
710032
710078
710091
710189
710219
710250
710380
710446
710526
710614
710687
710859
710929
711027
711141
711163
711256
711332
711346
711444
711521
711721
711875
712048
712131
712296
712413
712526
712565
712569
712591
712597
712711
712730
713013
713145
713328
713341
713390
713449
713536
713666
713763
713793
713813
713824
713884
713928
714138
714220
714263
714281
714544
714622
714703
714825
714827
714919
715054
715198
715338
715706
715707
715819
715894
716116
716289
716308
716318
716400
716412
716586
716751
717269
717276
717395
717497
717552
717611
717644
717659
717675
717712
717727
717817
717870
717897
717941
717956
717999
718113
718119
718264
718430
718605
718651
718699
718709
718791
718807
718894
718987
719050
719112
719150
719195
719265
719335
719368
719380
719400
719425
719622
719656
719678
719796
719871
719916
719964
720141
720184
720221
720426
720442
720539
720767
720775
720892
721024
721068
721175
721179
721276
721466
721568
721590
721634
721673
721846
721942
721978
722040
722063
722106
722131
722312
722608
722689
722730
722794
722858
723092
723108
723222
723255
723270
723378
723415
723468
723535
723648
723688
723769
723811
723821
723846
723975
724016
724042
724056
724087
724141
724156
724161
724305
724586
725104
725309
725318
725391
725423
725686
725916
726155
726353
726420
726490
726501
726596
726847
726991
727117
727120
727143
727146
727157
727213
727250
727356
727369
727497
727632
727659
727691
727712
727744
727774
727851
727912
728038
728361
728449
728716
728834
728961
729066
729168
729308
729386
729417
729630
729716
729884
729928
729943
729987
729988
730000
730132
730180
730302
730316
730361
730429
730550
730609
730729
730789
730897
730917
731059
731063
731076
731105
731160
731295
731380
731510
731514
731531
731663
731758
731770
732052
732162
732168
732377
732409
732534
732614
732697
733247
733281
733337
733417
733442
733599
733723
733842
734018
734233
734406
734435
734498
734549
734591
734611
734733
734750
734764
734861
734891
734928
735132
735236
735244
735343
735381
735392
735395
735499
735570
735575
735716
735869
735901
735911
735962
736038
736109
736201
736677
736833
736879
736971
736986
736989
736996
737135
737449
737520
737606
737623
737715
737733
737801
737852
737880
737920
737945
737952
737954
738083
738237
738253
738315
738568
738726
738761
738793
738797
738857
738862
738908
738927
738936
738968
739142
739233
739389
739485
739525
739677
739764
739808
739945
740058
740282
740532
740734
740951
741122
741139
741296
741521
741535
741635
741666
741948
741995
742057
742225
742287
742411
742464
742776
742846
743007
743167
743215
743266
743404
743596
743788
743826
743963
744007
744012
744031
744037
744162
744163
744261
744321
744618
744638
744715
744858
744904
744943
745279
745305
745635
745652
745702
745951
745957
746030
746172
746221
746247
746385
746420
746454
746490
746606
746635
746746
746794
746925
747006
747078
747245
747251
747332
747362
747528
747581
747748
748021
748022
748023
748206
748255
748344
748705
748831
748969
749003
749014
749086
749398
749421
749666
749747
749937
749979
750432
750689
750800
750827
750981
751413
751470
751606
751678
751690
751742
751759
751763
752146
752204
752470
752524
752658
752715
752787
753240
753252
753258
753270
753305
753448
753504
753629
753681
753789
753905
754024
754213
754377
754388
754500
754540
754639
754717
754987
755053
755185
755242
755274
755276
755303
755408
755562
755638
755731
755777
755829
755855
755917
755944
755948
756027
756086
756157
756211
756215
756320
756321
756442
756609
756648
756719
757065
757111
757168
757273
757505
757524
757537
757750
757888
757997
758243
758414
758490
758705
758711
758724
758729
758889
758931
759143
759246
759340
759359
759364
759396
759489
759584
759587
759620
759687
759767
759782
760053
760127
760180
760242
760397
760413
760557
760835
761127
761200
761253
761319
761411
761594
761697
761842
761894
761949
762120
762182
762398
762400
762422
762427
762491
762538
762540
762560
762569
762606
762712
762736
762760
762847
763124
763187
763214
763336
763587
763611
763873
763934
764201
764234
764491
764544
764605
764711
764715
764752
765054
765175
765179
765344
765380
765388
765416
765433
765470
765618
765630
765979
765990
766151
766260
766288
766437
766536
766634
767051
767115
767460
767541
767562
767926
767934
767979
768020
768043
768170
768316
768367
768538
768544
768577
768677
768804
768844
768881
769177
769238
769295
769440
769649
769735
769864
769933
769969
770214
770319
770571
770763
770786
770881
770899
770925
771041
771051
771073
771153
771403
771411
771476
771523
771581
771667
771711
771740
771976
772246
772303
772343
772399
772519
772610
772722
772840
772863
772918
772924
773207
773291
773422
773443
773449
773935
773959
774205
774320
774415
774417
774483
774524
774568
774661
774683
774814
775232
775282
775414
775501
775507
775520
775584
775679
775753
775959
776039
776459
776513
776636
776644
776646
776764
776880
776909
776936
776962
777236
777259
777388
777407
777446
777493
777572
777722
777747
777948
777991
778086
778325
778427
778476
778480
778533
778579
778586
778656
778967
779015
779238
779414
779592
779746
779769
779779
779794
779850
780009
780360
780550
780746
780758
780762
780841
780879
780900
781177
781369
781439
781519
781549
781667
781770
781828
781886
781975
782032
782033
782169
782186
782351
782354
782401
782544
782824
783028
783041
783132
783159
783171
783300
783301
783618
783641
783790
783826
783997
784056
784140
784170
784197
784225
784229
784256
784309
784417
784475
784616
784645
784782
784897
785161
785290
785339
785342
785386
785395
785408
785587
785734
785884
786159
786197
786224
786325
786530
786553
786609
786626
786730
786804
786931
787029
787352
787443
787524
787625
787842
787931
788047
788295
788387
788539
788669
788734
788775
788795
788870
788930
788939
788996
789216
789245
789359
789410
789743
789882
790075
790170
790200
790371
790785
790870
790973
791030
791062
791083
791093
791401
791615
791638
791645
791662
791787
791918
791937
791952
792170
792280
792313
792453
792495
792630
792682
792911
793005
793188
793202
793435
793454
793547
793612
793853
793928
793969
793988
794068
794139
794268
794541
794586
794993
795034
795075
795128
795216
795242
795284
795338
795667
795702
795794
796028
796204
796290
796386
796456
796483
796788
796907
796922
797135
797143
797305
797423
797441
797549
797615
797730
798025
798169
798207
798329
798461
798462
798531
798625
798696
798867
798975
799049
799213
799281
799407
799444
799484
799550
799649
799776
799787
799929
799977
800152
800177
800185
800190
800298
800441
800581
800660
800961
801164
801280
801305
801368
801387
801467
801535
801561
801577
801619
801676
801677
801909
802156
802325
802328
802448
802575
802616
802658
802674
802784
802903
802930
803013
803028
803035
803061
803072
803124
803265
803373
803398
803506
803531
803726
804092
804150
804214
804291
804373
804624
804694
804711
804751
804771
804812
804858
804905
805077
805245
805459
805579
805635
805819
805843
805934
805967
806010
806066
806233
806306
806315
806325
806360
806519
806527
806564
806814
806859
807069
807189
807236
807369
807451
807455
807557
807756
807788
807812
807921
808206
808239
808274
808320
808348
808382
808447
808475
808554
808577
808634
808688
808713
808812
808903
808977
809000
809489
809652
809676
809859
810004
810065
810074
810075
810143
810208
810326
810389
810616
810620
810883
810891
810894
811032
811102
811117
811131
811159
811187
811242
811259
811414
811630
811739
811801
811982
811984
812085
812233
812270
812378
812402
812510
812609
812617
812764
812853
812863
813185
813205
813217
813274
813308
813331
813373
813423
813575
813594
813608
813694
813712
813761
813848
813864
813875
813894
813920
813934
814504
814571
815182
815451
815572
815573
815749
815809
815922
816118
816232
816332
816356
816449
816558
816776
816779
816808
816953
816964
816990
817012
817018
817392
817411
817546
817629
817707
817711
817823
818011
818017
818164
818207
818213
818430
818665
818771
818859
818895
818910
819023
819067
819182
819264
819378
819394
819488
819656
819898
819959
820347
820391
820652
820685
820934
821021
821149
821273
821414
821533
821609
821861
821874
821875
821945
821967
821968
822041
822072
822116
822157
822366
822405
822412
822458
822471
822478
822543
822615
822733
822880
822974
823002
823024
823073
823267
823353
823481
823690
823824
823856
823892
823914
823927
823975
824040
824265
824451
824566
824613
824629
824718
824758
825013
825115
825145
825206
825220
825250
825551
825571
825618
825622
825981
826097
826236
826372
826394
826403
826471
826596
826730
826823
826867
826918
826952
826965
827043
827094
827406
827477
827524
827564
827630
827769
827909
828278
828358
828381
828580
828766
828897
829090
829130
829151
829179
829493
829504
829538
829672
829683
829822
829868
829906
829912
829924
829937
830117
830244
830281
830307
830541
830555
830605
830884
830924
830956
831016
831131
831161
831420
831450
831621
831928
832204
832250
832291
832336
832369
832463
832794
832831
832932
832978
833197
833215
833456
833510
833551
833592
833635
833665
833980
834042
834306
834328
834438
834541
834638
834674
834692
834794
834816
834883
834904
834908
835012
835176
835434
835457
835461
835471
835474
835540
835620
835922
835981
836020
836124
836223
836433
836507
836587
836726
836821
836912
837302
837625
837665
837838
838016
838095
838141
838171
838297
838338
838373
838403
838504
838722
838742
838754
838769
838817
838900
838913
838970
839030
839333
839482
839503
839717
839756
839767
839930
840010
840064
840181
840183
840247
840346
840534
840886
840952
841134
841204
841235
841272
841325
841339
841403
841792
841814
841945
842127
842690
842700
842946
842956
842960
843019
843058
843135
843146
843170
843298
843349
843356
843409
843442
843671
843700
843706
843718
843737
843776
843797
843890
844151
844193
844554
844565
844654
844657
844804
844917
844962
845106
845197
845328
845362
845372
845619
845664
845687
845718
845742
845964
846112
846305
846313
846335
846432
846561
846567
846677
846721
846803
846826
846934
846952
847228
847272
847312
847438
847458
847568
847607
847609
847732
847903
847935
847975
848014
848095
848097
848102
848179
848343
848611
848612
848749
848799
849153
849178
849363
849376
849541
849767
849884
850069
850083
850132
850155
850360
850472
850544
850576
850823
850916
851201
851327
851331
851452
851755
852117
852227
852336
852547
852646
852657
852679
852686
852878
852993
853025
853047
853085
853266
853350
853452
853568
853610
853715
853740
853797
854017
854441
854551
854596
854628
854779
854814
854815
854845
854987
855015
855088
855129
855374
855413
855653
855662
855937
856113
856156
856253
856255
856375
856401
856429
856572
856639
856721
856794
856795
856800
856835
856934
856949
857091
857150
857266
857730
857915
858130
858136
858160
858179
858182
858729
858747
858835
859099
859222
859324
859691
859793
859926
859959
859972
860072
860109
860307
860394
860408
860556
860616
860622
860778
860899
860959
861198
861322
861493
861501
861530
861574
861599
861613
861722
861760
861866
861953
861957
862043
862050
862057
862074
862276
862283
862287
862367
862460
862520
862570
863245
863274
863333
863355
863508
863539
863652
863684
863699
863862
863874
863918
863994
864226
864278
864352
864371
864607
864749
864915
864998
865322
865339
865401
865708
865814
865845
865938
866028
866120
866286
866529
866582
866589
866662
866785
867161
867182
867611
867719
867823
868170
868286
868485
868524
868581
868668
868726
868962
869005
869032
869067
869226
869325
869634
869642
869693
869695
869749
869752
869948
870068
870071
870127
870196
870206
870300
870357
870392
870699
870708
870720
870813
870914
870917
871002
871084
871230
871415
871482
871662
871699
871728
871733
871776
871889
872064
872097
872176
872310
872335
872442
872460
872496
872565
872600
872881
873074
873294
873349
873390
873703
873835
873844
873846
874190
874224
874244
874329
874625
874628
874991
875064
875136
875194
875271
875297
875373
875427
875467
875498
875522
875671
875679
875686
875763
875804
876052
876258
876303
876325
876530
876566
876638
876735
876792
876822
876923
876960
877330
877340
877345
877394
877633
877740
877857
878053
878146
878157
878292
878343
878721
879060
879249
879269
879414
879562
879725
879727
879789
879827
879940
879988
879995
880152
880155
880303
880357
880521
880651
880660
880690
880919
881334
881473
881578
881639
882027
882260
882277
882417
882495
882554
882683
882885
883326
883456
883472
883532
883788
883791
883794
884027
884096
884247
884274
884522
884532
884642
884756
885296
885331
885364
885447
885506
885885
885893
886088
886209
886278
886365
886392
886438
886486
886575
886589
886593
886827
886846
886850
886982
887025
887110
887204
887240
887586
887599
887624
887826
888217
888283
888319
888324
888432
888456
888459
888662
888811
888970
888980
889053
889079
889136
889173
889203
889208
889227
889265
889322
889455
889545
889587
889894
889921
890079
890136
890247
890429
890598
890649
890704
890731
890742
890844
890856
891014
891401
891597
891638
891737
891884
891993
892083
892247
892288
892400
892512
892562
892596
892647
892697
892717
892744
892819
892931
892952
893085
893140
893251
893385
893473
893522
893590
893647
893650
893744
893829
893892
893916
894141
894188
894217
894253
894343
894787
894905
894940
895296
895304
895420
895706
895735
895825
895916
895993
896114
896508
896531
896840
896865
896963
897004
897287
897546
897594
897734
897904
898182
898198
898235
898348
898450
898723
898746
898801
898960
899138
899197
899312
899398
899488
899636
899695
899908
899924
900104
900204
900300
900400
900426
900782
901085
901104
901154
901259
901347
901362
901393
901736
901922
901950
902075
902132
902162
902194
902237
902241
902317
902363
902477
902512
902517
902590
902592
902605
902628
902874
902924
902931
903189
903332
903339
903342
903529
903565
903582
903625
903682
903706
903896
903987
904017
904080
904081
904285
904476
904488
904539
904577
904718
904846
905610
905674
905686
905740
905791
905798
905997
906022
906036
906058
906141
906222
906228
906231
906265
906339
906592
906604
906630
906651
906819
906852
906924
906966
907088
907253
907291
907322
907340
907534
907565
907855
908100
908149
908479
908536
908573
908877
908879
908959
909004
909095
909165
909250
909261
909313
909432
909501
909545
909613
909637
909801
909809
909869
909986
910201
910260
910286
910385
910391
910434
910512
910647
910952
910970
911022
911055
911107
911115
911527
911597
911648
911709
911843
911862
911877
911941
911946
912037
912117
912300
912384
912677
912765
912804
912811
913141
913151
913203
913239
913629
913648
913762
914147
914227
914336
914462
914533
914562
914581
914663
914759
914812
914965
915093
915112
915136
915215
915408
915548
915557
915700
915754
915889
915895
915923
916043
916057
916328
916578
916602
916655
916899
916964
916976
917036
917202
917259
917304
917319
917693
917722
918325
918371
918398
918671
918823
918938
918964
919035
919071
919123
919176
919331
919356
919585
919591
919641
919652
919809
919909
919933
920047
920101
920341
920390
920405
920418
920530
920538
920607
920659
920782
921068
921148
921183
921317
921359
921374
921406
921653
921777
921981
922040
922047
922367
922369
922446
922529
922694
922859
922878
922885
922889
923082
923425
923435
923634
923653
923782
923783
924204
924231
924374
924452
924457
924481
924603
924879
924894
924998
925013
925020
925100
925199
925245
925267
925321
925419
925573
925581
925660
925695
925708
925821
925994
926004
926251
926308
926314
926336
926588
926607
926685
927082
927187
927199
927358
927519
927601
927625
927657
927767
928325
928423
928463
928477
928483
928506
928681
928818
929168
929181
929390
929473
929496
929723
929922
930063
930267
930358
930361
930546
930631
930668
930702
930709
930812
930927
931063
931108
931166
931230
931895
932180
932227
932378
932456
932566
932627
932630
932694
932786
932813
932839
932847
932931
932973
932988
933348
933533
933538
933572
933654
933684
934069
934570
934592
934629
934631
934727
934740
934884
934953
935072
935081
935115
935336
935351
935390
935394
935440
935471
935518
935584
935721
936021
936215
936406
936516
936615
936661
937286
937412
937563
937589
937656
937708
937758
937770
937942
937980
938095
938256
938347
938397
938599
938981
939001
939081
939208
939210
939272
939277
939309
939394
939449
940073
940075
940145
940171
940443
940540
940572
940605
940617
940756
940790
940874
941128
941423
941435
941529
941748
941751
941858
941916
942189
942273
942295
942316
942333
942425
942553
942573
942590
942650
942695
942802
942949
942996
943199
943289
943313
943390
943610
943767
943842
943881
944183
944195
944275
944846
944909
944956
944986
945053
945169
945404
945497
945753
945799
945816
946141
946279
946324
946335
946503
946630
946660
946746
946795
947132
947170
947287
947308
947437
947572
947703
947778
947837
947885
948075
948433
948729
948791
948914
949043
949115
949154
949178
949282
949314
949401
949619
949860
949928
950052
950328
950369
950561
950660
950814
950906
950932
950947
950965
950983
951092
951135
951228
951312
951745
951819
951959
952040
952134
952273
952426
952538
952635
952895
953075
953149
953157
953207
953511
953562
953582
953745
953813
953890
953926
953966
954128
954156
954293
954394
954578
954667
954733
954851
954951
955047
955238
955490
955604
955762
955793
955858
955889
956431
956566
956771
956956
956959
957011
957089
957136
957170
957204
957212
957276
957492
957564
957590
957720
957800
957803
957860
957918
958343
958377
958449
958575
958580
958745
958819
958861
958895
958972
959175
959456
959570
959579
959715
959732
960331
960343
960401
960424
960502
960571
960632
960666
960691
960911
960997
961278
961438
961661
961664
961713
961779
961800
961816
961821
961959
961993
962037
962468
962483
962489
962526
962625
962643
962808
963066
963110
963118
963229
963308
963398
963411
963675
963758
963800
963810
963827
964047
964209
964289
964306
964363
964448
964578
964887
964927
965093
965101
965107
965236
965264
965498
965565
965659
965664
965775
965778
965908
965939
965940
966026
966232
966302
966648
966652
966879
967024
967070
967080
967096
967156
967242
967255
967394
967609
967819
967912
967946
968114
968355
968503
968790
968810
968894
969022
969029
969045
969051
969107
969209
969273
969395
969542
969857
970342
970389
970534
970535
970546
970733
970836
970900
971023
971025
971135
971348
971366
971489
971524
971638
971705
971746
972138
972140
972370
972735
972858
973128
973501
973555
973672
973737
973763
973882
973964
973995
974008
974036
974146
974215
974230
974231
974581
974875
975050
975094
975396
975402
975433
975443
975670
975893
975904
975970
976031
976041
976065
976080
976392
976610
976639
976727
976842
977017
977109
977343
977626
977660
977673
977689
977957
978033
978166
978346
978352
978413
978451
978583
978593
978710
978866
979022
979055
979109
979127
979134
979256
979269
979288
979290
979630
979677
979759
979878
979981
980022
980110
980143
980165
980269
980452
980634
980741
980955
980957
981188
981284
981692
981716
981819
981846
982105
982153
982169
982176
982188
982299
982683
982946
982957
983034
983118
983286
983354
983399
983566
983589
983819
984006
984152
984371
984539
984558
984668
984758
984796
984861
985294
985299
985359
985400
985898
985937
985967
986042
986120
986327
986361
986370
986609
986776
986846
986859
987002
987137
987203
987219
987324
987335
987346
987584
987678
988052
988210
988222
988248
988464
988467
988536
988712
988765
988780
988812
988984
989098
989156
989171
989294
989388
989441
989949
989999
990052
990088
990171
990488
990891
990957
991089
991101
991107
991148
991151
991244
991307
991340
991654
991925
992017
992227
992386
992842
992921
992948
992956
992979
993017
993065
993115
993125
993137
993267
993293
993471
993508
993529
993587
993620
993645
993702
993795
993842
993949
994115
994138
994265
994272
994436
994535
994559
994595
994623
994680
994763
994777
994782
994796
994876
994913
994967
995036
995109
995163
995220
995230
995355
995365
995497
995566
995586
995588
995740
995889
996188
996219
996354
996413
996470
996519
996729
996909
996971
997067
997185
997373
997409
997502
997742
997761
997871
997890
998078
998160
998243
998345
998441
998660
999072
999297
999309
999716
999741
999744
999816
999914
50000510
50001797
50003854
50004623
50005212
50005885
50006271
50006459
50007073
50009669
