425
599
1773
2260
3402
3717
5814
6182
6814
7540
8203
9767
10139
12038
15474
20324
20422
20480
22056
24813
25611
25990
26225
27824
28276
28418
28941
30434
31244
32938
33326
33659
37778
40115
40605
41672
41832
43860
45561
46228
46542
48050
48458
49405
52578
52657
52727
53045
53266
54615
56802
58655
59642
59942
60738
61324
61483
61733
63556
63918
65290
66613
67136
67348
69403
70674
71262
71849
72132
72574
72792
72933
73372
74299
74441
74870
76066
76365
76819
78898
79046
81247
82582
82627
83667
84002
84491
85884
85965
88025
88914
89814
91161
95325
96781
97251
97793
97923
98246
98907
101414
101639
102664
103198
104837
105907
107175
107473
107786
108618
111579
111764
112235
113346
113668
114576
114975
116739
116970
117301
117308
120116
120944
121035
121263
125710
126882
127253
130679
130889
131869
133470
133636
133827
134628
137174
137235
138739
138890
139816
140814
142291
145051
145095
146316
146413
146991
149811
154511
154739
155287
156294
158157
160227
160263
160265
162060
162316
162998
163032
165080
165409
165840
166889
166931
167414
167753
169396
169430
170395
170555
171339
172634
173061
173148
174389
177934
179451
182480
184430
185652
187241
187330
188073
190556
192401
194851
199122
199312
199448
199659
200896
201158
201629
202511
203880
206606
208496
208573
208802
209267
210922
213487
214181
216881
219684
220281
220392
220861
221231
221941
222086
222955
223508
224082
224130
224345
224643
225772
228275
229258
229471
229974
230080
230283
230914
231148
231251
233238
233752
234053
235552
235612
238651
238968
240062
240174
241292
242495
243962
244098
245884
246277
246629
247861
248237
249565
250280
250867
251083
252572
254801
255836
256150
256702
256736
256787
258175
258607
259249
259947
260222
260735
261303
261650
261941
263319
263626
264525
267095
271782
272793
273432
273903
274680
275504
276183
276807
277312
277370
277746
277932
278082
278085
278361
278517
279766
279786
279946
280746
283060
284913
285577
286193
287936
288389
290120
290782
291369
291476
291704
291773
292004
292075
292136
292683
295442
297571
298830
299105
299607
300850
303445
307419
307757
310016
311120
312942
313118
313921
314569
314910
315568
317212
318635
320015
322451
323232
324308
325498
326858
328838
328914
329164
329445
329963
330776
331535
331737
332711
335239
337902
339902
340035
342027
342722
343254
344207
346239
346479
346954
347235
348321
349759
351470
352161
352457
352944
353894
354508
355784
356699
356778
359536
360663
362479
365962
366643
368203
368845
370858
371507
372528
375190
376417
379201
379580
380612
381913
382364
382554
387151
387477
388162
391559
392077
396922
397382
397519
397542
397562
397887
398382
398591
398858
400156
401124
401641
402630
403457
403906
407746
408396
408930
409386
413160
414850
415011
417821
418373
418801
419066
419093
420521
420651
421947
422179
423389
423956
425800
426117
426156
426833
427398
428231
431071
431712
432322
434572
435020
435970
439375
439589
439898
440552
440869
442042
442374
442417
442666
443143
443555
443692
444151
444154
445798
447470
448462
449245
449433
450664
450770
451989
452248
455673
455884
457007
457239
457592
459381
459469
461239
463246
463298
463638
464071
464656
467574
470405
471029
471932
473417
475435
475763
476786
477110
477538
478634
479434
480547
481141
481741
482662
484125
484714
485100
487115
487213
487575
488557
489710
490094
490785
493152
493554
495631
495948
496171
497732
498216
498369
499948
500149
504740
508136
508993
509231
509232
509597
510311
511945
512262
512340
517488
518392
523481
524902
527276
529298
529903
529959
530458
531756
532323
532342
532496
534150
534277
536004
536265
539131
540490
542717
543118
545175
546622
548177
553306
554634
554816
556116
556926
556932
558582
560069
560086
562262
562275
562336
563054
563750
564365
564607
565158
565427
565492
565579
565621
566390
566847
568532
568969
569605
571412
571858
572092
572661
574485
574553
576510
577057
578478
578856
579364
580097
580099
580828
581343
581542
582765
584004
584482
586075
587080
588153
588508
588637
590341
591807
592683
594731
594916
596750
597347
598782
603634
603655
604201
604596
605397
607040
607314
608158
608792
610805
611878
612024
612451
612554
612982
616886
617024
617889
619176
620644
623398
623939
624377
624834
625380
625550
628038
631262
632556
633052
634210
635656
636059
636130
638551
638720
640967
641390
642412
645414
648564
649342
649468
650810
651332
652483
653425
655674
657193
657924
659176
660356
661759
663686
665046
665095
665822
666563
668061
668636
669987
670487
671088
672097
672642
673971
674079
676856
677568
679514
681446
681453
683823
685197
685743
686508
687277
687926
689305
690855
690993
691798
692094
693384
694022
695205
695612
695613
696101
696503
697229
699287
699330
700005
700305
701364
701474
702258
702448
702729
703204
704314
704318
705477
706073
708011
708446
709570
710219
712131
712526
713328
713536
714825
715198
716751
717870
720221
720892
721024
721590
723378
724586
727659
729308
729716
730180
730429
731076
732052
735343
735392
735911
737715
738797
739945
740734
742225
743215
747581
748206
750800
750981
752470
752787
753240
753305
754213
754377
754639
754717
755731
757168
758490
759359
763587
763934
764491
764544
765179
765388
765990
767460
770319
770763
771476
771711
772246
772343
772840
776646
777236
777572
777991
778480
779779
781177
783300
783826
784309
784475
785408
785884
787352
787443
787625
788295
788387
788539
790075
790170
791937
791952
792495
795667
797549
798207
798975
799550
800581
802784
803013
803035
805635
805819
805934
807189
807451
808577
810620
810891
813694
815451
816232
816449
818011
820391
821414
822157
822733
823267
823927
824629
825622
830555
832291
833980
834692
834794
836912
838722
838742
839482
840346
841204
843170
844151
844962
845687
845742
845964
846305
846335
846721
847272
848749
850132
850155
854596
855662
856253
856795
858179
860394
861722
869634
869693
870914
872064
872335
873349
874224
874244
874628
875136
875467
876325
876638
880660
881334
882554
883794
884642
887204
888662
889208
889545
889921
891014
892697
894141
894343
894905
896865
897546
898348
900300
901393
902237
902512
902592
902931
903189
903342
903529
903565
903682
905798
906036
906339
906604
906651
908573
908959
911527
912804
913648
914533
914812
916964
917202
918398
918938
919641
920659
920782
921406
921981
922369
923435
923653
924231
925245
926004
927082
927657
927767
928463
928477
929181
932931
933533
934727
934953
935351
935518
936021
936406
940790
941423
941435
942590
942650
943199
943313
943767
944956
946279
946660
947837
948791
949314
949401
950906
950983
952273
956959
957492
958972
962037
963066
963110
964047
964209
965498
967096
967242
968114
969395
970342
970535
970733
971366
971524
974036
974146
974230
975050
976031
977017
978413
978593
980110
980957
981188
982153
984539
984861
985937
986042
987335
988210
988536
988712
990957
992017
992842
992948
994967
996188
997409
998243
999744
999816
50000974
