0
1
5
6
9
24
25
27
29
30
32
35
40
43
44
46
54
56
57
58
64
65
67
70
71
73
78
80
81
82
84
89
91
94
95
99
101
103
104
108
112
114
122
123
126
127
128
134
135
136
142
146
150
152
157
159
163
165
166
167
174
175
185
191
195
196
197
203
204
214
216
217
219
220
222
223
224
225
228
232
233
234
238
239
243
248
250
252
256
259
260
270
271
272
273
274
275
276
281
283
284
287
290
296
298
299
300
305
306
310
311
320
321
322
323
327
328
332
337
344
348
349
352
363
367
368
369
370
373
374
379
381
382
384
386
387
388
389
390
392
393
398
405
410
413
429
430
432
440
445
448
450
453
454
459
461
464
469
470
471
473
477
483
484
485
489
491
499
506
511
512
515
517
519
521
524
526
529
533
544
547
549
550
555
558
561
565
571
572
574
576
577
585
589
590
592
593
594
596
597
10000002
10000004
10000007
10000015
10000020
10000021
10000025
10000026
10000029
10000032
10000034
10000035
10000037
10000041
10000047
10000051
10000053
10000054
10000055
10000059
10000060
10000061
10000062
10000065
10000067
10000068
10000069
10000072
10000077
10000079
10000080
10000095
10000096
10000099
10000100
10000104
10000107
10000109
10000111
10000120
10000122
10000123
10000125
10000126
10000128
10000133
10000135
10000139
10000143
10000144
10000145
10000153
10000154
10000158
10000160
10000161
10000168
10000170
10000175
10000178
10000187
10000189
10000194
10000196
10000202
10000205
10000206
10000214
10000218
10000219
10000222
10000224
10000225
10000230
10000234
10000235
10000242
10000243
10000244
10000248
10000250
10000253
10000254
10000255
10000257
10000258
10000259
10000260
10000267
10000270
10000271
10000275
10000278
10000283
10000285
10000288
10000289
10000291
10000292
10000296
10000298
10000299
10000303
10000304
10000309
10000313
10000317
10000318
10000319
10000324
10000330
10000334
10000336
10000338
10000339
10000341
10000342
10000343
10000345
10000346
10000347
10000351
10000360
10000362
10000366
10000367
10000380
10000382
10000384
10000388
10000399
10000408
10000410
10000412
10000413
10000416
10000418
10000420
10000425
10000426
10000432
10000433
10000435
10000436
10000441
10000445
10000448
10000453
10000454
10000455
10000458
10000459
10000462
10000464
10000465
10000469
10000470
10000471
10000473
10000478
10000482
10000484
10000491
10000492
10000493
10000496
10000497
10000498
10000500
10000508
10000509
10000512
10000521
10000526
10000529
10000534
10000536
10000546
10000547
10000552
10000553
10000554
10000557
10000558
10000560
10000563
10000564
10000565
10000567
10000568
10000571
10000572
10000579
10000580
10000581
10000585
10000592
10000593
10000595
10000599
20000000
20000001
20000002
20000003
20000009
20000012
20000023
20000024
20000025
20000028
20000036
20000037
20000039
20000040
20000042
20000043
20000045
20000047
20000054
20000063
20000065
20000071
20000075
20000077
20000086
20000089
20000090
20000098
20000099
20000101
20000105
20000107
20000109
20000110
20000111
20000112
20000114
20000115
20000118
20000120
20000124
20000125
20000127
20000130
20000133
20000145
20000146
20000151
20000152
20000153
20000154
20000155
20000158
20000160
20000163
20000164
20000165
20000166
20000167
20000169
20000171
20000181
20000182
20000183
20000194
20000196
20000197
20000201
20000204
20000206
20000207
20000209
20000212
20000215
20000217
20000220
20000226
20000227
20000228
20000233
20000237
20000238
20000242
20000243
20000253
20000254
20000255
20000259
20000260
20000261
20000263
20000265
20000267
20000268
20000271
20000273
20000280
20000283
20000285
20000291
20000294
20000296
20000310
20000312
20000315
20000317
20000319
20000321
20000322
20000324
20000335
20000336
20000337
20000339
20000340
20000341
20000344
20000345
20000346
20000352
20000353
20000356
20000358
20000359
20000362
20000366
20000367
20000368
20000372
20000373
20000376
20000378
20000383
20000384
20000391
20000393
20000394
20000398
20000402
20000406
20000407
20000408
20000409
20000412
20000416
20000419
20000421
20000422
20000426
20000433
20000434
20000435
20000437
20000440
20000441
20000442
20000444
20000446
20000452
20000460
20000462
20000465
20000471
20000481
20000485
20000492
20000497
20000504
20000509
20000510
20000519
20000520
20000521
20000522
20000531
20000533
20000537
20000538
20000539
20000545
20000546
20000548
20000549
20000551
20000552
20000558
20000559
20000561
20000564
20000565
20000566
20000571
20000574
20000575
20000579
20000580
20000583
20000595
20000597
20000598
30000006
30000009
30000010
30000013
30000015
30000020
30000021
30000026
30000027
30000029
30000035
30000038
30000041
30000051
30000052
30000054
30000055
30000058
30000061
30000063
30000064
30000065
30000078
30000079
30000082
30000083
30000085
30000090
30000101
30000102
30000111
30000114
30000122
30000124
30000126
30000130
30000131
30000136
30000137
30000138
30000141
30000154
30000156
30000159
30000162
30000169
30000174
30000177
30000179
30000185
30000186
30000188
30000189
30000192
30000203
30000211
30000215
30000216
30000219
30000221
30000222
30000223
30000224
30000225
30000235
30000236
30000238
30000240
30000242
30000244
30000247
30000250
30000253
30000258
30000259
30000265
30000266
30000267
30000272
30000275
30000276
30000278
30000279
30000281
30000283
30000284
30000288
30000289
30000292
30000294
30000296
30000303
30000305
30000307
30000310
30000315
30000318
30000321
30000324
30000325
30000327
30000331
30000332
30000333
30000334
30000335
30000338
30000342
30000343
30000344
30000345
30000346
30000350
30000353
30000356
30000358
30000360
30000362
30000366
30000367
30000374
30000375
30000382
30000383
30000386
30000388
30000389
30000392
30000395
30000396
30000398
30000399
30000400
30000403
30000407
30000412
30000414
30000417
30000419
30000421
30000424
30000425
30000427
30000429
30000430
30000431
30000435
30000436
30000438
30000446
30000450
30000452
30000453
30000456
30000460
30000464
30000465
30000467
30000472
30000475
30000477
30000478
30000481
30000486
30000487
30000488
30000490
30000492
30000496
30000497
30000499
30000516
30000520
30000524
30000525
30000527
30000530
30000532
30000533
30000536
30000542
30000543
30000544
30000545
30000548
30000551
30000552
30000553
30000555
30000556
30000559
30000561
30000563
30000565
30000567
30000572
30000574
30000580
30000586
30000599
40000001
40000010
40000012
40000014
40000016
40000017
40000027
40000029
40000030
40000033
40000036
40000037
40000038
40000041
40000043
40000046
40000050
40000052
40000055
40000058
40000060
40000063
40000072
40000076
40000077
40000080
40000084
40000087
40000088
40000095
40000101
40000102
40000105
40000106
40000108
40000115
40000118
40000119
40000122
40000123
40000127
40000129
40000135
40000136
40000139
40000144
40000147
40000149
40000152
40000155
40000156
40000157
40000183
40000186
40000188
40000189
40000194
40000195
40000196
40000197
40000198
40000205
40000206
40000209
40000213
40000217
40000219
40000221
40000224
40000226
40000230
40000232
40000236
40000239
40000240
40000244
40000246
40000247
40000249
40000251
40000256
40000257
40000258
40000264
40000267
40000277
40000278
40000280
40000282
40000283
40000285
40000286
40000288
40000289
40000291
40000295
40000299
40000301
40000303
40000304
40000305
40000309
40000310
40000312
40000313
40000316
40000317
40000320
40000322
40000323
40000330
40000331
40000332
40000338
40000344
40000348
40000351
40000352
40000358
40000359
40000360
40000361
40000363
40000369
40000377
40000378
40000383
40000388
40000390
40000391
40000397
40000403
40000404
40000405
40000411
40000414
40000415
40000416
40000420
40000431
40000435
40000436
40000440
40000441
40000446
40000447
40000451
40000456
40000458
40000459
40000461
40000464
40000465
40000467
40000469
40000472
40000475
40000477
40000480
40000481
40000484
40000485
40000487
40000490
40000492
40000495
40000496
40000499
40000500
40000502
40000506
40000507
40000509
40000510
40000518
40000527
40000529
40000532
40000537
40000543
40000553
40000555
40000556
40000559
40000562
40000563
40000566
40000567
40000568
40000569
40000579
40000581
40000583
40000584
40000585
40000594
40000595
40000596
40000597
40000598
