3
4
9
12
13
17
21
23
26
29
43
45
48
50
53
58
62
63
64
66
76
79
83
94
100
103
112
114
115
116
120
121
124
125
129
133
134
141
149
153
155
158
159
160
166
168
169
170
172
174
179
186
193
200
203
204
205
210
211
212
215
217
218
220
222
226
230
235
236
237
244
251
254
255
257
260
262
265
267
268
273
285
294
295
299
300
302
303
304
308
309
313
317
320
322
323
325
326
329
332
336
342
343
346
355
356
357
358
361
363
371
372
375
376
378
382
385
391
401
407
410
411
414
416
420
421
422
426
427
428
429
430
436
439
443
444
446
448
458
459
460
465
466
468
469
474
479
480
482
488
491
493
496
498
499
506
508
510
512
514
516
517
520
524
525
526
528
531
535
538
539
542
549
550
552
553
554
556
559
560
561
562
563
564
566
568
569
570
571
573
580
581
583
584
590
594
596
600
602
604
605
606
607
612
614
616
617
622
625
626
628
629
631
632
634
637
644
645
646
649
653
655
656
657
658
660
661
663
665
667
668
670
671
674
676
687
690
694
695
697
699
701
706
709
712
719
721
738
739
740
744
745
747
748
750
751
756
759
762
763
764
765
767
772
774
778
791
792
794
795
796
802
804
806
811
812
813
816
819
822
823
827
828
834
837
839
840
842
847
848
849
856
863
864
867
871
873
876
884
885
886
887
888
893
895
898
900
908
910
912
913
916
923
929
931
932
934
937
938
940
941
943
944
945
947
949
951
955
962
964
970
979
982
988
991
994
998
1000
1001
1004
1012
1018
1019
1020
1021
1022
1026
1030
1031
1033
1034
1036
1038
1042
1044
1045
1046
1051
1056
1058
1063
1064
1065
1071
1072
1073
1076
1079
1082
1083
1084
1085
1092
1100
1104
1111
1118
1120
1124
1126
1127
1133
1136
1137
1143
1145
1148
1153
1158
1162
1163
1165
1169
1170
1172
1173
1176
1180
1184
1185
1192
1196
1199
1207
1208
1209
1213
1215
1217
1220
1221
1222
1224
1231
1235
1236
1240
1242
1245
1246
1248
1250
1251
1252
1253
1256
1261
1263
1264
1265
1266
1267
1268
1269
1273
1274
1282
1286
1289
1290
1292
1294
1295
1297
1298
1300
1303
1304
1307
1310
1313
1317
1321
1323
1327
1329
1331
1332
1338
1341
1347
1348
1352
1356
1359
1362
1365
1374
1377
1382
1390
1392
1401
1407
1411
1413
1414
1417
1421
1423
1425
1426
1427
1429
1434
1435
1438
1439
1440
1442
1450
1451
1462
1463
1469
1475
1476
1477
1478
1481
1486
1488
1489
1493
1503
1510
1516
1522
1524
1530
1534
1536
1542
1545
1554
1555
1557
1558
1559
1561
1565
1569
1571
1572
1575
1577
1582
1588
1589
1590
1592
1614
1616
1620
1624
1628
1629
1631
1633
1634
1635
1639
1644
1646
1647
1651
1667
1673
1674
1681
1694
1697
1702
1706
1716
1720
1721
1725
1728
1730
1733
1735
1737
1741
1742
1746
1750
1751
1752
1754
1755
1757
1761
1762
1763
1765
1766
1769
1772
1779
1783
1785
1791
1792
1794
1796
1797
1799
1804
1805
1806
1813
1814
1815
1818
1822
1826
1828
1836
1837
1839
1840
1841
1843
1848
1852
1855
1863
1864
1866
1871
1875
1876
1885
1888
1894
1896
1902
1905
1907
1908
1912
1913
1915
1916
1920
1923
1924
1926
1931
1933
1934
1935
1936
1939
1943
1945
1946
1949
1953
1954
1955
1956
1959
1960
1961
1964
1968
1970
1972
1973
1975
1977
1981
1989
1990
1993
1995
1996
1997
1998
2000
2001
2005
2006
2011
2016
2020
2025
2029
2030
2032
2033
2036
2039
2041
2044
2046
2048
2051
2053
2057
2058
2059
2064
2066
2067
2068
2075
2077
2080
2086
2088
2091
2093
2096
2099
2105
2116
2119
2122
2123
2125
2131
2132
2136
2139
2144
2145
2147
2152
2157
2162
2166
2167
2169
2171
2172
2173
2174
2175
2176
2184
2185
2187
2188
2190
2193
2198
2207
2211
2212
2219
2225
2229
2230
2231
2232
2234
2235
2237
2238
2239
2247
2248
2249
2250
2252
2253
2256
2258
2260
2263
2265
2266
2271
2276
2277
2278
2279
2281
2282
2283
2284
2286
2290
2291
2308
2316
2317
2318
2320
2324
2327
2329
2334
2335
2336
2339
2340
2343
2344
2350
2351
2354
2356
2359
2360
2361
2362
2364
2370
2371
2378
2385
2386
2390
2393
2401
2403
2404
2406
2407
2410
2415
2417
2418
2421
2422
2423
2424
2426
2430
2435
2444
2445
2446
2450
2452
2453
2457
2460
2465
2467
2469
2470
2474
2475
2476
2478
2480
2489
2491
2493
2500
2501
2508
2510
2511
2516
2519
2525
2526
2530
2531
2533
2535
2536
2540
2541
2542
2545
2548
2552
2553
2555
2557
2559
2560
2564
2568
2569
2571
2573
2575
2576
2577
2584
2585
2589
2590
2591
2594
2599
2601
2606
2610
2617
2618
2619
2620
2625
2627
2630
2631
2633
2636
2638
2639
2640
2647
2648
2652
2655
2656
2657
2660
2662
2663
2667
2672
2676
2677
2681
2686
2687
2689
2690
2691
2698
2700
2701
2704
2706
2709
2710
2712
2719
2721
2723
2728
2730
2732
2741
2745
2746
2751
2753
2755
2757
2758
2764
2769
2771
2773
2774
2776
2777
2779
2781
2783
2784
2785
2786
2787
2788
2791
2792
2795
2799
2808
2813
2816
2817
2824
2827
2830
2831
2844
2846
2850
2859
2862
2863
2864
2865
2866
2868
2875
2876
2879
2880
2881
2882
2883
2886
2888
2890
2896
2897
2901
2902
2905
2906
2910
2924
2925
2931
2934
2936
2938
2940
2951
2954
2956
2961
2962
2963
2964
2965
2966
2967
2970
2971
2973
2976
2981
2983
2984
2987
2988
2996
2997
3000
3006
3009
3011
3013
3014
3019
3020
3021
3022
3023
3024
3027
3031
3032
3035
3038
3039
3040
3043
3047
3052
3054
3058
3059
3063
3066
3070
3071
3074
3081
3085
3086
3090
3100
3104
3105
3108
3112
3113
3114
3116
3120
3121
3123
3124
3126
3128
3133
3136
3137
3141
3142
3144
3145
3149
3151
3152
3155
3158
3162
3163
3166
3167
3169
3170
3173
3183
3185
3190
3194
3195
3198
3210
3227
3232
3237
3241
3242
3247
3249
3252
3255
3256
3260
3261
3262
3264
3266
3268
3271
3273
3274
3276
3280
3282
3283
3285
3286
3290
3296
3297
3298
3307
3311
3312
3313
3318
3326
3327
3329
3334
3339
3342
3343
3344
3345
3346
3348
3354
3358
3365
3367
3372
3375
3377
3380
3385
3389
3392
3395
3398
3399
3403
3405
3406
3407
3409
3412
3421
3429
3432
3433
3434
3436
3439
3441
3444
3448
3451
3453
3456
3458
3462
3464
3465
3466
3467
3468
3469
3473
3475
3477
3482
3485
3490
3492
3495
3496
3503
3509
3511
3512
3515
3516
3520
3521
3523
3524
3527
3528
3531
3533
3537
3538
3539
3551
3555
3556
3559
3561
3563
3567
3568
3569
3570
3572
3573
3574
3577
3579
3583
3585
3586
3588
3589
3596
3597
3599
3602
3603
3606
3608
3609
3611
3618
3619
3621
3622
3625
3626
3629
3630
3632
3633
3634
3636
3638
3641
3642
3646
3652
3655
3658
3662
3665
3671
3672
3674
3675
3677
3679
3680
3684
3685
3686
3690
3692
3694
3695
3698
3699
3702
3703
3714
3715
3716
3717
3719
3724
3725
3727
3730
3739
3741
3742
3743
3744
3745
3749
3752
3754
3758
3763
3764
3766
3769
3770
3777
3780
3782
3784
3786
3789
3790
3800
3803
3805
3806
3808
3809
3811
3816
3825
3828
3834
3836
3839
3841
3842
3845
3846
3849
3850
3851
3852
3853
3854
3855
3856
3862
3868
3870
3872
3874
3876
3878
3879
3880
3885
3888
3892
3893
3896
3900
3901
3905
3907
3913
3917
3920
3921
3923
3936
3943
3947
3950
3952
3957
3958
3960
3966
3967
3969
3970
3976
3978
3981
3982
3983
3986
3994
3997
3999
4002
4008
4011
4015
4016
4020
4021
4023
4028
4035
4042
4045
4047
4049
4057
4058
4064
4069
4074
4075
4076
4082
4083
4088
4089
4094
4095
4098
4099
4100
4105
4107
4110
4112
4114
4119
4127
4133
4135
4139
4140
4141
4144
4153
4154
4156
4158
4159
4160
4163
4165
4168
4173
4174
4177
4181
4186
4187
4189
4197
4204
4205
4209
4211
4215
4221
4222
4226
4232
4239
4243
4247
4251
4252
4259
4270
4271
4274
4280
4282
4289
4292
4293
4297
4308
4309
4312
4313
4316
4320
4322
4329
4330
4332
4333
4334
4337
4344
4345
4346
4348
4349
4350
4351
4358
4362
4363
4364
4371
4375
4389
4392
4393
4395
4398
4403
4404
4408
4409
4410
4412
4414
4415
4417
4418
4423
4424
4425
4428
4432
4436
4439
4441
4444
4445
4447
4450
4451
4453
4459
4460
4461
4464
4467
4468
4469
4473
4476
4477
4486
4488
4492
4496
4499
4502
4503
4506
4508
4512
4515
4516
4517
4519
4521
4522
4524
4526
4532
4533
4534
4537
4540
4541
4543
4545
4548
4552
4553
4554
4556
4557
4560
4561
4562
4565
4566
4571
4572
4576
4578
4586
4590
4594
4596
4597
4598
4599
4600
4601
4603
4610
4612
4616
4618
4620
4623
4625
4630
4634
4636
4642
4646
4647
4654
4658
4661
4662
4666
4668
4677
4684
4685
4692
4702
4708
4710
4712
4714
4715
4716
4720
4723
4726
4727
4729
4730
4732
4734
4740
4742
4744
4747
4750
4751
4756
4760
4764
4766
4771
4774
4777
4780
4781
4784
4785
4788
4790
4795
4797
4801
4804
4805
4808
4809
4812
4813
4815
4819
4820
4821
4827
4829
4831
4834
4836
4837
4848
4849
4850
4853
4861
4863
4864
4865
4870
4874
4875
4877
4881
4883
4885
4886
4887
4888
4899
4902
4903
4906
4910
4911
4918
4920
4922
4923
4929
4931
4932
4941
4942
4945
4951
4954
4959
4961
4963
4965
4966
4969
4970
4972
4974
4979
4986
4988
4990
4994
4995
4996
4999
5007
5010
5011
5015
5017
5018
5025
5029
5035
5037
5042
5045
5066
5068
5072
5073
5074
5076
5078
5079
5084
5087
5088
5089
5090
5097
5100
5102
5104
5105
5114
5115
5116
5119
5122
5126
5131
5133
5134
5137
5138
5140
5144
5145
5148
5149
5155
5159
5164
5169
5179
5181
5185
5193
5194
5195
5196
5198
5199
5201
5204
5206
5207
5212
5214
5219
5220
5222
5223
5233
5234
5238
5242
5244
5248
5249
5250
5251
5252
5255
5256
5265
5266
5269
5277
5279
5283
5287
5288
5289
5292
5293
5305
5308
5309
5310
5313
5319
5320
5322
5323
5324
5327
5328
5329
5333
5342
5343
5344
5348
5353
5356
5357
5360
5362
5363
5369
5373
5374
5377
5378
5380
5385
5394
5395
5396
5397
5398
5401
5404
5406
5407
5409
5410
5413
5417
5418
5419
5421
5422
5426
5427
5428
5429
5431
5434
5437
5440
5441
5443
5445
5447
5450
5452
5453
5455
5458
5461
5462
5463
5470
5471
5472
5480
5486
5487
5489
5490
5491
5496
5502
5503
5509
5515
5516
5518
5522
5529
5531
5533
5534
5536
5539
5541
5543
5546
5548
5549
5552
5553
5554
5557
5570
5572
5574
5575
5576
5581
5584
5590
5594
5598
5599
5601
5604
5606
5607
5608
5615
5617
5619
5626
5631
5634
5637
5638
5639
5642
5650
5651
5653
5662
5667
5673
5675
5680
5689
5695
5696
5698
5704
5705
5706
5712
5714
5716
5719
5726
5731
5732
5739
5742
5745
5747
5749
5750
5757
5758
5764
5771
5777
5779
5785
5790
5793
5795
5796
5805
5811
5813
5815
5820
5821
5822
5823
5826
5831
5836
5843
5846
5849
5850
5856
5860
5862
5865
5868
5870
5873
5877
5881
5891
5895
5909
5910
5914
5918
5924
5928
5937
5941
5945
5948
5950
5951
5952
5954
5961
5968
5969
5975
5987
5990
5993
10000005
10000008
10000010
10000011
10000014
10000020
10000021
10000024
10000028
10000030
10000031
10000034
10000036
10000042
10000052
10000054
10000055
10000065
10000066
10000069
10000074
10000075
10000076
10000077
10000078
10000082
10000086
10000092
10000093
10000097
10000098
10000100
10000101
10000103
10000112
10000115
10000125
10000128
10000132
10000133
10000136
10000137
10000140
10000155
10000159
10000163
10000164
10000165
10000178
10000179
10000185
10000186
10000189
10000195
10000201
10000203
10000210
10000213
10000215
10000218
10000219
10000220
10000231
10000237
10000239
10000240
10000241
10000242
10000252
10000253
10000254
10000258
10000259
10000263
10000264
10000265
10000267
10000269
10000270
10000273
10000275
10000277
10000283
10000284
10000289
10000297
10000301
10000305
10000306
10000310
10000317
10000318
10000323
10000326
10000329
10000330
10000340
10000344
10000348
10000349
10000359
10000360
10000362
10000365
10000366
10000370
10000371
10000374
10000376
10000381
10000384
10000394
10000396
10000397
10000398
10000401
10000403
10000406
10000414
10000415
10000419
10000420
10000422
10000424
10000430
10000431
10000438
10000439
10000446
10000447
10000450
10000454
10000455
10000458
10000459
10000460
10000462
10000472
10000474
10000479
10000481
10000484
10000485
10000486
10000487
10000490
10000493
10000495
10000499
10000504
10000505
10000507
10000508
10000510
10000512
10000518
10000522
10000523
10000528
10000537
10000541
10000548
10000550
10000551
10000553
10000555
10000556
10000560
10000564
10000565
10000566
10000580
10000581
10000594
10000596
10000597
10000598
10000602
10000603
10000605
10000607
10000608
10000609
10000611
10000613
10000614
10000618
10000622
10000630
10000631
10000637
10000638
10000639
10000641
10000642
10000646
10000647
10000657
10000660
10000667
10000669
10000670
10000671
10000672
10000675
10000677
10000684
10000688
10000690
10000693
10000694
10000695
10000696
10000702
10000703
10000706
10000707
10000709
10000710
10000712
10000715
10000717
10000718
10000726
10000727
10000731
10000732
10000734
10000737
10000739
10000740
10000744
10000746
10000747
10000749
10000753
10000757
10000762
10000763
10000764
10000765
10000775
10000779
10000780
10000781
10000782
10000785
10000789
10000792
10000793
10000794
10000799
10000800
10000804
10000807
10000815
10000820
10000823
10000826
10000827
10000829
10000830
10000833
10000834
10000837
10000838
10000839
10000842
10000845
10000846
10000851
10000852
10000856
10000857
10000865
10000867
10000869
10000872
10000876
10000877
10000879
10000880
10000885
10000892
10000893
10000894
10000895
10000897
10000900
10000906
10000908
10000916
10000919
10000921
10000922
10000923
10000924
10000927
10000932
10000933
10000935
10000942
10000944
10000946
10000950
10000952
10000958
10000961
10000965
10000967
10000968
10000971
10000973
10000978
10000982
10000985
10000987
10000989
10000990
10000994
10000998
10001003
10001008
10001017
10001032
10001033
10001039
10001043
10001054
10001055
10001059
10001068
10001069
10001070
10001071
10001080
10001081
10001082
10001085
10001087
10001089
10001090
10001093
10001094
10001097
10001098
10001099
10001100
10001102
10001109
10001110
10001111
10001115
10001117
10001118
10001122
10001123
10001124
10001126
10001127
10001129
10001131
10001137
10001140
10001145
10001146
10001147
10001149
10001151
10001152
10001154
10001158
10001160
10001164
10001166
10001167
10001170
10001173
10001176
10001178
10001181
10001182
10001195
10001198
10001199
10001207
10001210
10001211
10001214
10001215
10001217
10001219
10001220
10001222
10001225
10001227
10001229
10001233
10001234
10001237
10001238
10001240
10001248
10001250
10001251
10001254
10001258
10001262
10001263
10001270
10001272
10001273
10001286
10001288
10001290
10001291
10001293
10001294
10001302
10001305
10001307
10001308
10001311
10001318
10001330
10001331
10001332
10001342
10001344
10001346
10001347
10001351
10001355
10001359
10001362
10001366
10001367
10001369
10001370
10001375
10001376
10001377
10001378
10001379
10001386
10001388
10001389
10001393
10001396
10001399
10001403
10001410
10001413
10001415
10001416
10001418
10001419
10001423
10001424
10001427
10001428
10001429
10001432
10001434
10001436
10001437
10001438
10001440
10001442
10001453
10001455
10001462
10001466
10001468
10001469
10001473
10001474
10001491
10001499
10001506
10001507
10001511
10001513
10001514
10001521
10001525
10001526
10001528
10001531
10001532
10001533
10001535
10001539
10001541
10001542
10001544
10001545
10001555
10001556
10001560
10001562
10001572
10001575
10001578
10001579
10001582
10001583
10001594
10001598
10001600
10001601
10001607
10001614
10001616
10001619
10001623
10001626
10001630
10001631
10001633
10001635
10001636
10001643
10001644
10001645
10001650
10001654
10001655
10001656
10001657
10001660
10001664
10001665
10001670
10001671
10001675
10001677
10001680
10001682
10001683
10001685
10001688
10001692
10001694
10001695
10001697
10001698
10001700
10001711
10001717
10001719
10001731
10001735
10001745
10001748
10001752
10001758
10001759
10001761
10001762
10001767
10001777
10001779
10001784
10001785
10001789
10001790
10001791
10001792
10001794
10001795
10001797
10001806
10001809
10001810
10001812
10001818
10001820
10001824
10001827
10001828
10001839
10001841
10001842
10001846
10001847
10001848
10001850
10001852
10001853
10001863
10001864
10001867
10001868
10001871
10001875
10001880
10001881
10001882
10001884
10001895
10001896
10001899
10001901
10001902
10001905
10001906
10001907
10001908
10001911
10001913
10001918
10001919
10001929
10001930
10001935
10001937
10001939
10001940
10001941
10001943
10001945
10001946
10001949
10001951
10001954
10001960
10001969
10001971
10001972
10001974
10001975
10001980
10001982
10001984
10001985
10001986
10001987
10001988
10001989
10001992
10001998
10002002
10002003
10002004
10002006
10002008
10002013
10002018
10002019
10002020
10002027
10002029
10002030
10002032
10002033
10002041
10002043
10002044
10002045
10002046
10002051
10002061
10002067
10002069
10002084
10002088
10002089
10002095
10002100
10002102
10002107
10002108
10002112
10002119
10002120
10002123
10002131
10002132
10002136
10002138
10002139
10002142
10002147
10002149
10002152
10002154
10002156
10002157
10002163
10002165
10002166
10002170
10002172
10002173
10002175
10002183
10002187
10002189
10002190
10002191
10002194
10002195
10002198
10002199
10002200
10002201
10002202
10002207
10002209
10002215
10002220
10002221
10002222
10002225
10002227
10002228
10002235
10002239
10002240
10002244
10002250
10002251
10002252
10002254
10002256
10002258
10002260
10002262
10002268
10002271
10002273
10002279
10002280
10002285
10002291
10002292
10002296
10002301
10002302
10002304
10002306
10002312
10002318
10002323
10002331
10002334
10002338
10002340
10002343
10002346
10002348
10002351
10002353
10002356
10002357
10002364
10002366
10002367
10002369
10002370
10002371
10002372
10002377
10002379
10002386
10002387
10002388
10002389
10002390
10002392
10002394
10002397
10002403
10002412
10002415
10002416
10002417
10002418
10002419
10002420
10002421
10002433
10002436
10002438
10002444
10002445
10002448
10002451
10002455
10002456
10002457
10002459
10002461
10002462
10002463
10002466
10002471
10002472
10002473
10002474
10002480
10002482
10002483
10002489
10002491
10002492
10002495
10002501
10002502
10002513
10002519
10002520
10002524
10002525
10002526
10002527
10002531
10002533
10002538
10002540
10002545
10002547
10002548
10002554
10002555
10002560
10002561
10002563
10002565
10002566
10002567
10002569
10002570
10002572
10002573
10002576
10002577
10002580
10002592
10002594
10002597
10002599
10002602
10002605
10002606
10002609
10002610
10002611
10002612
10002614
10002615
10002617
10002619
10002620
10002623
10002626
10002628
10002631
10002632
10002634
10002636
10002638
10002642
10002644
10002650
10002651
10002657
10002662
10002668
10002669
10002670
10002671
10002672
10002673
10002676
10002681
10002682
10002685
10002686
10002687
10002699
10002700
10002702
10002705
10002708
10002711
10002712
10002713
10002715
10002716
10002717
10002721
10002727
10002728
10002742
10002744
10002750
10002755
10002757
10002761
10002765
10002766
10002767
10002768
10002773
10002775
10002777
10002786
10002790
10002791
10002794
10002800
10002804
10002810
10002814
10002815
10002816
10002818
10002821
10002822
10002825
10002827
10002829
10002833
10002835
10002837
10002840
10002841
10002848
10002850
10002853
10002855
10002857
10002871
10002872
10002873
10002876
10002877
10002879
10002880
10002883
10002885
10002890
10002899
10002902
10002903
10002905
10002906
10002908
10002914
10002919
10002923
10002928
10002934
10002935
10002939
10002941
10002943
10002945
10002946
10002948
10002950
10002952
10002954
10002955
10002958
10002963
10002969
10002981
10002989
10002990
10002993
10002995
10002996
10002997
10003005
10003010
10003011
10003012
10003016
10003017
10003022
10003023
10003026
10003035
10003036
10003039
10003046
10003049
10003051
10003054
10003056
10003057
10003058
10003060
10003063
10003064
10003067
10003073
10003074
10003075
10003077
10003080
10003082
10003083
10003086
10003088
10003089
10003092
10003099
10003102
10003106
10003107
10003110
10003111
10003112
10003113
10003114
10003118
10003122
10003124
10003133
10003135
10003137
10003138
10003142
10003143
10003144
10003145
10003146
10003155
10003161
10003164
10003168
10003171
10003174
10003176
10003179
10003181
10003182
10003183
10003185
10003187
10003191
10003194
10003196
10003200
10003204
10003207
10003209
10003215
10003217
10003218
10003219
10003221
10003226
10003230
10003232
10003234
10003235
10003240
10003241
10003242
10003243
10003246
10003249
10003251
10003252
10003255
10003256
10003258
10003260
10003262
10003266
10003273
10003280
10003281
10003283
10003284
10003288
10003290
10003295
10003297
10003300
10003301
10003303
10003304
10003312
10003318
10003320
10003321
10003326
10003330
10003333
10003335
10003342
10003344
10003349
10003351
10003352
10003359
10003361
10003366
10003369
10003371
10003372
10003375
10003376
10003378
10003380
10003382
10003383
10003385
10003387
10003389
10003390
10003391
10003393
10003395
10003403
10003404
10003406
10003407
10003409
10003410
10003412
10003414
10003420
10003423
10003425
10003426
10003429
10003430
10003431
10003434
10003435
10003437
10003438
10003439
10003443
10003447
10003449
10003454
10003459
10003465
10003466
10003468
10003469
10003470
10003474
10003482
10003488
10003492
10003495
10003497
10003499
10003502
10003503
10003504
10003507
10003510
10003516
10003517
10003518
10003519
10003526
10003527
10003530
10003533
10003537
10003540
10003541
10003548
10003554
10003556
10003559
10003560
10003563
10003565
10003566
10003578
10003580
10003583
10003589
10003591
10003595
10003596
10003601
10003602
10003605
10003606
10003612
10003615
10003618
10003619
10003623
10003624
10003629
10003632
10003636
10003643
10003645
10003649
10003651
10003653
10003657
10003658
10003659
10003663
10003667
10003674
10003676
10003678
10003682
10003683
10003684
10003689
10003690
10003694
10003696
10003702
10003704
10003706
10003708
10003714
10003715
10003722
10003724
10003727
10003728
10003730
10003733
10003735
10003739
10003741
10003742
10003743
10003745
10003746
10003748
10003750
10003753
10003755
10003759
10003760
10003764
10003765
10003773
10003775
10003776
10003780
10003781
10003785
10003787
10003792
10003793
10003795
10003800
10003802
10003804
10003809
10003810
10003812
10003817
10003819
10003821
10003824
10003834
10003846
10003855
10003857
10003858
10003862
10003863
10003864
10003867
10003869
10003875
10003879
10003880
10003887
10003889
10003890
10003892
10003895
10003896
10003899
10003900
10003901
10003906
10003911
10003913
10003915
10003917
10003918
10003923
10003924
10003925
10003927
10003929
10003930
10003934
10003935
10003952
10003954
10003956
10003958
10003960
10003961
10003966
10003968
10003969
10003970
10003975
10003977
10003986
10003991
10003996
10003998
10004000
10004002
10004003
10004004
10004005
10004006
10004009
10004011
10004012
10004017
10004018
10004019
10004021
10004022
10004027
10004028
10004030
10004032
10004039
10004041
10004046
10004052
10004054
10004056
10004057
10004058
10004060
10004061
10004064
10004066
10004073
10004074
10004081
10004085
10004086
10004090
10004092
10004094
10004096
10004099
10004102
10004104
10004110
10004112
10004113
10004114
10004115
10004116
10004127
10004130
10004140
10004142
10004149
10004150
10004155
10004157
10004168
10004170
10004174
10004175
10004180
10004182
10004183
10004184
10004188
10004197
10004200
10004203
10004204
10004206
10004208
10004214
10004216
10004218
10004221
10004223
10004225
10004227
10004237
10004241
10004249
10004254
10004255
10004257
10004262
10004268
10004270
10004284
10004289
10004291
10004292
10004294
10004295
10004296
10004297
10004304
10004307
10004311
10004312
10004323
10004324
10004326
10004327
10004332
10004336
10004337
10004339
10004340
10004341
10004345
10004350
10004357
10004358
10004359
10004360
10004362
10004367
10004369
10004371
10004377
10004378
10004383
10004386
10004387
10004388
10004390
10004394
10004395
10004396
10004398
10004400
10004401
10004402
10004403
10004404
10004406
10004412
10004413
10004414
10004417
10004421
10004428
10004433
10004435
10004436
10004439
10004440
10004441
10004448
10004449
10004450
10004453
10004460
10004469
10004471
10004475
10004477
10004483
10004486
10004499
10004503
10004504
10004506
10004508
10004510
10004515
10004519
10004521
10004522
10004525
10004527
10004529
10004530
10004531
10004532
10004533
10004540
10004544
10004545
10004553
10004560
10004562
10004565
10004569
10004571
10004575
10004577
10004578
10004583
10004585
10004586
10004591
10004593
10004594
10004595
10004596
10004600
10004601
10004602
10004604
10004607
10004608
10004611
10004612
10004613
10004614
10004616
10004618
10004619
10004621
10004622
10004627
10004628
10004629
10004631
10004633
10004635
10004637
10004638
10004642
10004643
10004645
10004650
10004651
10004652
10004656
10004667
10004670
10004671
10004676
10004681
10004685
10004690
10004691
10004693
10004696
10004697
10004703
10004705
10004708
10004712
10004714
10004716
10004717
10004719
10004729
10004730
10004731
10004732
10004734
10004737
10004738
10004744
10004755
10004759
10004764
10004767
10004768
10004769
10004771
10004772
10004774
10004776
10004777
10004778
10004780
10004781
10004782
10004783
10004784
10004790
10004794
10004799
10004803
10004807
10004808
10004810
10004813
10004814
10004816
10004821
10004823
10004826
10004828
10004834
10004835
10004836
10004846
10004847
10004851
10004855
10004863
10004864
10004865
10004866
10004869
10004872
10004876
10004877
10004879
10004880
10004884
10004885
10004886
10004889
10004890
10004893
10004894
10004897
10004898
10004899
10004908
10004909
10004911
10004915
10004916
10004931
10004935
10004937
10004939
10004941
10004943
10004949
10004951
10004954
10004955
10004957
10004961
10004962
10004966
10004969
10004976
10004980
10004983
10004989
10004997
10004998
10005004
10005005
10005006
10005008
10005009
10005016
10005018
10005019
10005020
10005022
10005025
10005028
10005030
10005034
10005035
10005037
10005041
10005043
10005047
10005050
10005051
10005052
10005054
10005055
10005058
10005061
10005062
10005063
10005064
10005067
10005069
10005076
10005077
10005079
10005080
10005083
10005087
10005089
10005094
10005095
10005104
10005105
10005106
10005110
10005111
10005120
10005125
10005127
10005128
10005133
10005140
10005141
10005143
10005151
10005152
10005154
10005158
10005159
10005163
10005164
10005166
10005169
10005183
10005191
10005192
10005194
10005199
10005202
10005204
10005205
10005206
10005216
10005218
10005223
10005224
10005226
10005227
10005229
10005232
10005234
10005236
10005237
10005238
10005240
10005243
10005244
10005248
10005253
10005254
10005255
10005256
10005257
10005258
10005259
10005260
10005263
10005269
10005270
10005283
10005284
10005288
10005289
10005291
10005295
10005297
10005305
10005310
10005312
10005314
10005316
10005322
10005325
10005328
10005329
10005335
10005338
10005339
10005343
10005348
10005350
10005351
10005352
10005353
10005354
10005359
10005360
10005365
10005370
10005372
10005373
10005375
10005376
10005381
10005384
10005386
10005388
10005390
10005391
10005394
10005396
10005397
10005398
10005399
10005403
10005408
10005412
10005413
10005418
10005419
10005420
10005421
10005424
10005426
10005429
10005433
10005434
10005438
10005439
10005440
10005451
10005456
10005460
10005462
10005464
10005468
10005470
10005471
10005472
10005473
10005475
10005480
10005482
10005484
10005485
10005487
10005496
10005498
10005499
10005503
10005507
10005509
10005511
10005518
10005519
10005520
10005524
10005527
10005528
10005533
10005534
10005536
10005538
10005542
10005552
10005557
10005562
10005563
10005565
10005567
10005568
10005572
10005573
10005574
10005576
10005580
10005584
10005586
10005587
10005588
10005590
10005593
10005599
10005603
10005604
10005606
10005611
10005613
10005618
10005619
10005620
10005624
10005627
10005630
10005632
10005633
10005634
10005635
10005636
10005639
10005641
10005642
10005643
10005644
10005645
10005649
10005651
10005652
10005654
10005656
10005657
10005663
10005666
10005668
10005672
10005673
10005679
10005680
10005684
10005686
10005688
10005690
10005692
10005698
10005703
10005706
10005710
10005712
10005717
10005718
10005719
10005721
10005723
10005725
10005734
10005738
10005746
10005750
10005751
10005759
10005760
10005773
10005776
10005780
10005781
10005783
10005786
10005788
10005795
10005800
10005801
10005804
10005805
10005810
10005812
10005819
10005823
10005824
10005845
10005848
10005849
10005850
10005852
10005856
10005860
10005861
10005862
10005863
10005864
10005867
10005868
10005869
10005876
10005879
10005884
10005886
10005890
10005892
10005896
10005898
10005901
10005903
10005904
10005905
10005907
10005910
10005911
10005912
10005915
10005917
10005918
10005920
10005921
10005927
10005929
10005930
10005932
10005936
10005950
10005952
10005953
10005958
10005961
10005964
10005967
10005983
10005984
10005986
10005987
10005989
10005991
10005992
10005995
10005999
20000000
20000001
20000002
20000005
20000009
20000017
20000022
20000033
20000035
20000038
20000039
20000041
20000043
20000044
20000046
20000048
20000053
20000054
20000058
20000059
20000060
20000067
20000068
20000072
20000073
20000074
20000076
20000079
20000086
20000087
20000091
20000093
20000095
20000096
20000101
20000103
20000104
20000106
20000107
20000112
20000115
20000120
20000123
20000125
20000133
20000135
20000138
20000145
20000146
20000150
20000152
20000153
20000156
20000158
20000161
20000162
20000174
20000176
20000177
20000179
20000181
20000183
20000186
20000189
20000194
20000198
20000202
20000207
20000208
20000215
20000224
20000234
20000236
20000241
20000252
20000255
20000256
20000259
20000260
20000264
20000266
20000274
20000275
20000277
20000283
20000287
20000289
20000293
20000295
20000300
20000306
20000309
20000310
20000319
20000321
20000322
20000323
20000325
20000326
20000327
20000331
20000332
20000333
20000337
20000342
20000344
20000345
20000346
20000350
20000353
20000355
20000356
20000358
20000359
20000367
20000372
20000374
20000375
20000376
20000380
20000384
20000390
20000392
20000395
20000397
20000398
20000402
20000403
20000406
20000410
20000412
20000413
20000416
20000426
20000434
20000437
20000439
20000440
20000442
20000443
20000444
20000445
20000446
20000447
20000458
20000459
20000463
20000465
20000470
20000475
20000477
20000480
20000484
20000489
20000491
20000492
20000497
20000507
20000508
20000514
20000518
20000522
20000524
20000534
20000536
20000538
20000539
20000545
20000546
20000551
20000553
20000558
20000560
20000562
20000563
20000564
20000565
20000567
20000571
20000576
20000577
20000580
20000583
20000584
20000586
20000590
20000592
20000594
20000596
20000597
20000599
20000600
20000610
20000613
20000614
20000617
20000622
20000625
20000626
20000631
20000632
20000637
20000638
20000642
20000645
20000647
20000648
20000655
20000657
20000662
20000671
20000674
20000676
20000681
20000686
20000690
20000696
20000697
20000702
20000708
20000711
20000716
20000719
20000721
20000722
20000729
20000731
20000733
20000737
20000738
20000741
20000744
20000746
20000748
20000752
20000753
20000754
20000756
20000761
20000763
20000769
20000772
20000778
20000780
20000781
20000782
20000786
20000788
20000795
20000798
20000799
20000800
20000804
20000808
20000810
20000815
20000817
20000818
20000819
20000821
20000825
20000827
20000828
20000829
20000837
20000839
20000840
20000841
20000843
20000845
20000846
20000848
20000849
20000851
20000852
20000859
20000864
20000869
20000870
20000872
20000873
20000876
20000879
20000882
20000883
20000885
20000889
20000891
20000904
20000911
20000920
20000921
20000925
20000926
20000928
20000931
20000932
20000933
20000934
20000938
20000939
20000945
20000948
20000949
20000952
20000958
20000962
20000964
20000965
20000969
20000972
20000975
20000977
20000980
20000981
20000982
20000984
20000986
20000987
20000989
20000993
20000999
20001000
20001008
20001009
20001012
20001024
20001030
20001035
20001047
20001048
20001050
20001051
20001056
20001060
20001063
20001065
20001067
20001068
20001070
20001074
20001075
20001082
20001083
20001085
20001086
20001092
20001093
20001096
20001100
20001101
20001102
20001103
20001104
20001106
20001116
20001117
20001119
20001121
20001123
20001124
20001125
20001131
20001133
20001138
20001146
20001149
20001150
20001157
20001158
20001166
20001169
20001173
20001180
20001186
20001190
20001194
20001196
20001197
20001199
20001203
20001209
20001212
20001217
20001221
20001225
20001228
20001230
20001234
20001235
20001242
20001246
20001248
20001254
20001259
20001260
20001262
20001265
20001267
20001268
20001269
20001272
20001275
20001277
20001278
20001279
20001280
20001285
20001286
20001289
20001291
20001295
20001297
20001299
20001300
20001304
20001305
20001313
20001316
20001318
20001319
20001320
20001325
20001327
20001337
20001338
20001344
20001348
20001350
20001354
20001356
20001358
20001362
20001366
20001367
20001368
20001370
20001371
20001372
20001373
20001381
20001384
20001386
20001388
20001392
20001395
20001396
20001397
20001416
20001422
20001423
20001424
20001429
20001431
20001433
20001435
20001439
20001446
20001448
20001450
20001451
20001453
20001456
20001458
20001462
20001463
20001464
20001465
20001467
20001473
20001474
20001477
20001483
20001484
20001485
20001487
20001489
20001494
20001497
20001498
20001499
20001506
20001507
20001519
20001523
20001527
20001528
20001531
20001533
20001536
20001538
20001540
20001543
20001544
20001548
20001552
20001554
20001555
20001557
20001560
20001561
20001565
20001569
20001574
20001577
20001580
20001582
20001585
20001591
20001593
20001595
20001604
20001606
20001609
20001617
20001622
20001627
20001629
20001631
20001633
20001635
20001636
20001637
20001640
20001644
20001645
20001652
20001655
20001657
20001661
20001663
20001668
20001669
20001671
20001682
20001683
20001684
20001693
20001694
20001695
20001701
20001707
20001709
20001712
20001715
20001717
20001720
20001724
20001725
20001726
20001730
20001732
20001734
20001735
20001742
20001746
20001747
20001752
20001756
20001759
20001761
20001765
20001766
20001768
20001774
20001779
20001780
20001781
20001784
20001789
20001790
20001792
20001797
20001801
20001805
20001807
20001808
20001812
20001814
20001816
20001817
20001819
20001820
20001821
20001824
20001825
20001826
20001829
20001834
20001837
20001839
20001847
20001853
20001857
20001860
20001864
20001869
20001871
20001872
20001877
20001878
20001879
20001882
20001883
20001884
20001886
20001892
20001893
20001894
20001897
20001898
20001904
20001906
20001907
20001908
20001912
20001917
20001921
20001922
20001923
20001925
20001931
20001933
20001934
20001942
20001946
20001956
20001959
20001962
20001968
20001971
20001973
20001982
20001985
20001991
20001992
20001996
20001997
20002016
20002017
20002024
20002026
20002033
20002036
20002037
20002038
20002039
20002045
20002046
20002047
20002048
20002049
20002052
20002053
20002055
20002058
20002060
20002061
20002063
20002070
20002075
20002077
20002078
20002081
20002083
20002085
20002089
20002092
20002095
20002096
20002099
20002101
20002110
20002111
20002112
20002115
20002118
20002125
20002127
20002128
20002132
20002134
20002138
20002139
20002140
20002143
20002145
20002150
20002153
20002154
20002155
20002156
20002157
20002163
20002164
20002165
20002166
20002170
20002174
20002177
20002181
20002183
20002187
20002191
20002197
20002202
20002204
20002205
20002206
20002211
20002217
20002220
20002222
20002226
20002227
20002229
20002231
20002240
20002241
20002250
20002255
20002257
20002259
20002260
20002261
20002264
20002265
20002266
20002268
20002278
20002282
20002286
20002290
20002295
20002298
20002300
20002306
20002311
20002313
20002315
20002316
20002319
20002320
20002322
20002326
20002327
20002330
20002331
20002332
20002335
20002342
20002346
20002347
20002349
20002353
20002356
20002372
20002373
20002374
20002379
20002380
20002381
20002382
20002383
20002386
20002391
20002396
20002399
20002404
20002406
20002408
20002409
20002410
20002414
20002416
20002417
20002419
20002421
20002422
20002425
20002428
20002441
20002442
20002444
20002445
20002447
20002448
20002454
20002457
20002459
20002460
20002466
20002467
20002468
20002472
20002476
20002479
20002480
20002486
20002489
20002495
20002496
20002497
20002499
20002502
20002504
20002506
20002507
20002508
20002512
20002515
20002522
20002527
20002534
20002536
20002552
20002556
20002561
20002562
20002565
20002567
20002568
20002571
20002574
20002579
20002581
20002583
20002584
20002585
20002586
20002587
20002589
20002591
20002594
20002595
20002603
20002608
20002615
20002618
20002624
20002626
20002627
20002629
20002636
20002638
20002639
20002640
20002642
20002646
20002649
20002651
20002654
20002658
20002659
20002663
20002664
20002665
20002672
20002677
20002687
20002689
20002692
20002705
20002707
20002708
20002710
20002712
20002714
20002716
20002717
20002718
20002719
20002724
20002732
20002739
20002741
20002749
20002753
20002754
20002763
20002764
20002767
20002768
20002771
20002772
20002777
20002782
20002785
20002792
20002796
20002799
20002800
20002801
20002807
20002808
20002810
20002811
20002812
20002814
20002816
20002817
20002819
20002820
20002822
20002826
20002828
20002832
20002834
20002840
20002844
20002845
20002846
20002848
20002850
20002851
20002853
20002862
20002864
20002871
20002876
20002882
20002885
20002886
20002888
20002890
20002892
20002896
20002909
20002910
20002911
20002912
20002913
20002916
20002923
20002925
20002928
20002930
20002932
20002933
20002934
20002936
20002937
20002938
20002939
20002942
20002944
20002946
20002949
20002950
20002951
20002952
20002955
20002956
20002957
20002959
20002962
20002967
20002975
20002976
20002978
20002980
20002982
20002985
20002989
20002990
20002992
20002995
20002996
20002997
20003001
20003003
20003007
20003012
20003023
20003024
20003026
20003032
20003034
20003037
20003040
20003042
20003044
20003045
20003049
20003052
20003054
20003056
20003060
20003062
20003065
20003071
20003072
20003073
20003082
20003085
20003089
20003090
20003094
20003098
20003099
20003100
20003101
20003105
20003108
20003110
20003115
20003118
20003120
20003121
20003122
20003123
20003124
20003125
20003126
20003133
20003134
20003135
20003140
20003142
20003148
20003151
20003152
20003154
20003156
20003157
20003159
20003161
20003166
20003171
20003173
20003174
20003178
20003179
20003180
20003183
20003185
20003187
20003190
20003191
20003192
20003193
20003203
20003214
20003215
20003218
20003222
20003225
20003228
20003230
20003233
20003236
20003237
20003238
20003239
20003242
20003250
20003252
20003255
20003259
20003261
20003263
20003264
20003268
20003270
20003272
20003275
20003277
20003278
20003281
20003282
20003283
20003289
20003303
20003304
20003309
20003310
20003313
20003314
20003315
20003318
20003321
20003324
20003335
20003339
20003347
20003349
20003352
20003356
20003357
20003365
20003366
20003369
20003372
20003373
20003376
20003377
20003378
20003380
20003381
20003382
20003384
20003385
20003388
20003391
20003395
20003396
20003401
20003407
20003408
20003412
20003414
20003419
20003428
20003429
20003431
20003433
20003438
20003442
20003444
20003446
20003447
20003453
20003454
20003455
20003458
20003460
20003466
20003469
20003472
20003475
20003485
20003489
20003490
20003498
20003508
20003510
20003514
20003517
20003523
20003526
20003527
20003533
20003534
20003538
20003540
20003545
20003547
20003552
20003556
20003557
20003559
20003563
20003565
20003566
20003572
20003574
20003580
20003584
20003585
20003589
20003591
20003593
20003596
20003602
20003603
20003605
20003608
20003610
20003619
20003622
20003627
20003628
20003629
20003630
20003638
20003639
20003644
20003648
20003650
20003655
20003658
20003661
20003662
20003665
20003670
20003676
20003679
20003680
20003681
20003685
20003686
20003688
20003690
20003691
20003692
20003695
20003703
20003706
20003707
20003709
20003714
20003719
20003722
20003723
20003724
20003725
20003726
20003730
20003734
20003737
20003739
20003740
20003741
20003744
20003745
20003746
20003748
20003751
20003756
20003757
20003758
20003760
20003761
20003768
20003771
20003774
20003775
20003778
20003791
20003798
20003799
20003803
20003806
20003808
20003820
20003821
20003822
20003824
20003827
20003834
20003837
20003843
20003844
20003847
20003851
20003854
20003856
20003859
20003861
20003863
20003867
20003868
20003873
20003874
20003875
20003876
20003882
20003885
20003886
20003890
20003893
20003897
20003898
20003900
20003903
20003908
20003910
20003917
20003918
20003922
20003924
20003931
20003934
20003935
20003937
20003939
20003942
20003944
20003945
20003946
20003947
20003948
20003949
20003950
20003952
20003954
20003956
20003957
20003960
20003961
20003962
20003970
20003975
20003976
20003980
20003984
20003986
20003987
20003988
20003989
20003991
20003993
20003994
20003996
20003998
20003999
20004010
20004013
20004014
20004015
20004018
20004020
20004025
20004027
20004029
20004030
20004033
20004035
20004043
20004044
20004047
20004049
20004061
20004066
20004074
20004075
20004077
20004082
20004083
20004085
20004086
20004087
20004089
20004092
20004095
20004099
20004101
20004105
20004106
20004110
20004111
20004113
20004115
20004116
20004119
20004121
20004123
20004127
20004129
20004130
20004131
20004133
20004134
20004138
20004141
20004143
20004144
20004147
20004151
20004152
20004154
20004155
20004164
20004167
20004181
20004182
20004184
20004185
20004187
20004188
20004190
20004191
20004196
20004198
20004199
20004201
20004204
20004209
20004211
20004213
20004215
20004225
20004230
20004231
20004232
20004234
20004235
20004237
20004240
20004241
20004242
20004244
20004245
20004252
20004255
20004257
20004258
20004262
20004264
20004267
20004268
20004269
20004271
20004276
20004277
20004280
20004282
20004285
20004286
20004287
20004288
20004292
20004293
20004294
20004298
20004299
20004304
20004306
20004307
20004310
20004315
20004338
20004339
20004340
20004341
20004344
20004345
20004346
20004347
20004350
20004351
20004353
20004357
20004368
20004370
20004372
20004373
20004374
20004379
20004380
20004381
20004382
20004383
20004388
20004391
20004393
20004398
20004399
20004400
20004405
20004406
20004407
20004410
20004412
20004417
20004420
20004421
20004422
20004423
20004425
20004428
20004429
20004433
20004435
20004444
20004448
20004449
20004452
20004454
20004456
20004459
20004466
20004470
20004474
20004477
20004481
20004483
20004485
20004486
20004487
20004488
20004490
20004492
20004493
20004496
20004498
20004502
20004506
20004509
20004510
20004518
20004519
20004522
20004523
20004532
20004534
20004542
20004545
20004547
20004549
20004559
20004561
20004564
20004566
20004567
20004571
20004573
20004576
20004579
20004580
20004588
20004590
20004596
20004597
20004598
20004599
20004600
20004602
20004605
20004606
20004608
20004611
20004613
20004614
20004617
20004620
20004622
20004623
20004625
20004628
20004632
20004633
20004635
20004639
20004642
20004643
20004647
20004650
20004651
20004659
20004660
20004662
20004664
20004665
20004669
20004670
20004674
20004680
20004686
20004688
20004689
20004690
20004691
20004694
20004698
20004699
20004703
20004706
20004709
20004710
20004717
20004719
20004720
20004723
20004724
20004726
20004732
20004734
20004737
20004739
20004740
20004741
20004742
20004744
20004746
20004753
20004756
20004760
20004763
20004766
20004772
20004773
20004774
20004775
20004776
20004780
20004781
20004784
20004785
20004790
20004791
20004793
20004795
20004796
20004797
20004800
20004801
20004814
20004816
20004820
20004822
20004823
20004825
20004827
20004830
20004832
20004833
20004838
20004839
20004840
20004842
20004850
20004852
20004857
20004861
20004862
20004864
20004865
20004873
20004877
20004878
20004885
20004886
20004887
20004889
20004891
20004892
20004893
20004894
20004901
20004904
20004909
20004910
20004913
20004914
20004915
20004919
20004922
20004928
20004929
20004931
20004934
20004935
20004939
20004940
20004942
20004943
20004949
20004950
20004960
20004961
20004965
20004968
20004969
20004970
20004972
20004978
20004979
20004981
20004983
20004984
20004988
20004989
20004993
20005004
20005005
20005006
20005007
20005008
20005009
20005010
20005014
20005015
20005018
20005019
20005020
20005024
20005026
20005027
20005029
20005030
20005031
20005033
20005040
20005043
20005045
20005047
20005049
20005050
20005051
20005053
20005060
20005063
20005064
20005065
20005071
20005074
20005075
20005077
20005079
20005083
20005084
20005088
20005093
20005096
20005101
20005104
20005113
20005118
20005119
20005123
20005124
20005127
20005129
20005132
20005133
20005135
20005147
20005156
20005157
20005162
20005163
20005169
20005172
20005181
20005182
20005183
20005187
20005189
20005190
20005191
20005194
20005196
20005197
20005203
20005207
20005217
20005222
20005226
20005229
20005245
20005247
20005254
20005258
20005261
20005264
20005267
20005268
20005270
20005271
20005272
20005275
20005278
20005282
20005284
20005296
20005301
20005302
20005303
20005304
20005305
20005306
20005312
20005315
20005319
20005321
20005325
20005328
20005329
20005331
20005332
20005334
20005336
20005340
20005352
20005353
20005354
20005361
20005362
20005365
20005366
20005367
20005368
20005369
20005373
20005374
20005379
20005380
20005381
20005383
20005386
20005387
20005388
20005389
20005394
20005397
20005398
20005400
20005402
20005405
20005406
20005411
20005413
20005414
20005419
20005420
20005422
20005423
20005424
20005426
20005427
20005431
20005434
20005437
20005445
20005446
20005450
20005451
20005452
20005454
20005455
20005458
20005461
20005468
20005480
20005481
20005482
20005487
20005488
20005490
20005491
20005493
20005495
20005500
20005502
20005503
20005506
20005510
20005511
20005525
20005529
20005536
20005540
20005541
20005542
20005543
20005544
20005545
20005549
20005550
20005553
20005554
20005557
20005561
20005565
20005566
20005568
20005571
20005572
20005576
20005578
20005579
20005583
20005585
20005589
20005590
20005597
20005599
20005606
20005607
20005614
20005616
20005617
20005622
20005624
20005626
20005627
20005628
20005629
20005630
20005631
20005633
20005637
20005638
20005640
20005641
20005650
20005651
20005655
20005659
20005665
20005671
20005674
20005677
20005681
20005692
20005693
20005695
20005698
20005702
20005704
20005705
20005706
20005710
20005712
20005713
20005714
20005715
20005722
20005724
20005725
20005728
20005733
20005736
20005738
20005740
20005744
20005746
20005749
20005750
20005751
20005752
20005754
20005755
20005757
20005766
20005769
20005773
20005779
20005781
20005782
20005784
20005796
20005800
20005805
20005811
20005814
20005815
20005817
20005818
20005823
20005824
20005825
20005828
20005830
20005839
20005843
20005844
20005845
20005846
20005848
20005852
20005856
20005858
20005859
20005860
20005862
20005863
20005864
20005867
20005870
20005874
20005876
20005878
20005885
20005887
20005889
20005893
20005894
20005895
20005901
20005903
20005905
20005906
20005908
20005909
20005912
20005915
20005916
20005918
20005919
20005924
20005928
20005933
20005939
20005951
20005952
20005953
20005954
20005964
20005965
20005968
20005969
20005975
20005978
20005979
20005985
20005989
20005991
20005994
30000001
30000006
30000007
30000011
30000012
30000020
30000027
30000028
30000030
30000033
30000035
30000037
30000041
30000047
30000050
30000052
30000053
30000054
30000059
30000060
30000066
30000069
30000084
30000086
30000088
30000092
30000095
30000097
30000099
30000100
30000101
30000104
30000105
30000114
30000116
30000117
30000118
30000122
30000124
30000128
30000130
30000134
30000142
30000143
30000144
30000152
30000153
30000154
30000156
30000161
30000163
30000167
30000175
30000180
30000182
30000184
30000185
30000194
30000196
30000199
30000203
30000204
30000207
30000213
30000219
30000220
30000223
30000226
30000229
30000230
30000233
30000235
30000237
30000238
30000239
30000243
30000247
30000255
30000258
30000259
30000262
30000264
30000265
30000267
30000268
30000269
30000271
30000274
30000275
30000278
30000284
30000285
30000289
30000291
30000292
30000293
30000294
30000299
30000300
30000302
30000303
30000306
30000308
30000309
30000310
30000315
30000321
30000322
30000328
30000332
30000333
30000334
30000336
30000337
30000342
30000345
30000347
30000348
30000350
30000353
30000354
30000359
30000360
30000362
30000369
30000372
30000373
30000375
30000377
30000387
30000389
30000399
30000400
30000401
30000403
30000409
30000413
30000415
30000420
30000422
30000429
30000430
30000432
30000433
30000434
30000435
30000437
30000440
30000442
30000445
30000446
30000449
30000450
30000451
30000452
30000453
30000456
30000458
30000459
30000462
30000465
30000476
30000479
30000485
30000488
30000490
30000492
30000494
30000500
30000503
30000511
30000515
30000516
30000517
30000519
30000520
30000523
30000527
30000530
30000531
30000535
30000536
30000537
30000541
30000542
30000546
30000548
30000551
30000554
30000555
30000556
30000558
30000559
30000568
30000570
30000574
30000575
30000576
30000579
30000580
30000581
30000583
30000587
30000590
30000593
30000597
30000602
30000606
30000617
30000620
30000625
30000626
30000628
30000629
30000630
30000636
30000638
30000639
30000640
30000643
30000650
30000651
30000655
30000656
30000659
30000661
30000663
30000673
30000675
30000680
30000684
30000687
30000691
30000693
30000695
30000696
30000698
30000705
30000707
30000708
30000711
30000713
30000715
30000717
30000718
30000721
30000724
30000730
30000731
30000738
30000739
30000740
30000741
30000742
30000743
30000747
30000753
30000757
30000758
30000761
30000762
30000774
30000776
30000783
30000785
30000789
30000790
30000796
30000797
30000799
30000800
30000802
30000803
30000804
30000805
30000808
30000811
30000815
30000818
30000819
30000833
30000838
30000839
30000843
30000844
30000846
30000851
30000855
30000861
30000867
30000870
30000871
30000874
30000876
30000879
30000883
30000885
30000888
30000890
30000892
30000895
30000896
30000898
30000902
30000903
30000908
30000909
30000910
30000913
30000915
30000917
30000919
30000920
30000923
30000924
30000927
30000930
30000932
30000933
30000935
30000936
30000937
30000947
30000948
30000950
30000954
30000957
30000962
30000963
30000966
30000968
30000971
30000974
30000975
30000976
30000977
30000979
30000981
30000982
30000989
30000992
30000995
30000997
30000999
30001000
30001005
30001009
30001012
30001014
30001017
30001026
30001028
30001031
30001036
30001038
30001039
30001041
30001042
30001043
30001044
30001050
30001054
30001062
30001064
30001065
30001066
30001069
30001075
30001077
30001079
30001080
30001081
30001085
30001087
30001092
30001098
30001100
30001101
30001102
30001108
30001109
30001112
30001113
30001117
30001118
30001121
30001124
30001125
30001126
30001133
30001135
30001137
30001138
30001139
30001142
30001143
30001146
30001157
30001159
30001163
30001165
30001166
30001172
30001173
30001174
30001176
30001177
30001178
30001179
30001184
30001187
30001188
30001189
30001190
30001192
30001197
30001201
30001204
30001207
30001210
30001211
30001212
30001214
30001215
30001219
30001220
30001222
30001223
30001228
30001229
30001232
30001238
30001241
30001251
30001257
30001261
30001262
30001263
30001266
30001272
30001278
30001280
30001283
30001284
30001290
30001292
30001294
30001296
30001302
30001305
30001308
30001309
30001315
30001317
30001320
30001321
30001325
30001326
30001328
30001331
30001334
30001335
30001337
30001341
30001343
30001344
30001348
30001349
30001351
30001359
30001362
30001363
30001365
30001369
30001370
30001372
30001376
30001382
30001385
30001390
30001392
30001398
30001399
30001402
30001403
30001406
30001407
30001410
30001411
30001417
30001420
30001429
30001430
30001432
30001433
30001435
30001436
30001438
30001440
30001441
30001443
30001444
30001446
30001448
30001450
30001453
30001457
30001458
30001460
30001461
30001464
30001465
30001466
30001467
30001468
30001469
30001472
30001473
30001474
30001479
30001480
30001481
30001486
30001493
30001501
30001502
30001506
30001507
30001509
30001511
30001513
30001514
30001515
30001516
30001522
30001523
30001528
30001534
30001535
30001541
30001542
30001543
30001546
30001548
30001552
30001555
30001558
30001564
30001569
30001572
30001577
30001581
30001583
30001585
30001586
30001587
30001589
30001590
30001592
30001596
30001597
30001598
30001602
30001603
30001608
30001623
30001628
30001630
30001632
30001638
30001639
30001640
30001642
30001643
30001648
30001652
30001654
30001655
30001656
30001660
30001661
30001663
30001667
30001672
30001673
30001675
30001677
30001680
30001682
30001684
30001686
30001688
30001692
30001696
30001698
30001700
30001702
30001704
30001705
30001706
30001712
30001716
30001718
30001719
30001727
30001730
30001732
30001734
30001735
30001739
30001744
30001746
30001753
30001755
30001766
30001770
30001773
30001776
30001777
30001782
30001784
30001785
30001789
30001796
30001797
30001800
30001801
30001805
30001806
30001807
30001811
30001819
30001821
30001823
30001833
30001839
30001846
30001849
30001850
30001853
30001856
30001857
30001864
30001865
30001881
30001884
30001890
30001891
30001898
30001902
30001903
30001906
30001907
30001908
30001914
30001922
30001927
30001930
30001934
30001939
30001942
30001945
30001946
30001948
30001949
30001953
30001954
30001958
30001959
30001969
30001970
30001980
30001981
30001988
30001995
30001996
30002000
30002004
30002005
30002008
30002011
30002012
30002020
30002021
30002028
30002030
30002033
30002048
30002049
30002052
30002053
30002058
30002059
30002063
30002064
30002072
30002073
30002075
30002084
30002091
30002100
30002104
30002108
30002112
30002113
30002115
30002116
30002121
30002126
30002127
30002129
30002133
30002137
30002140
30002143
30002151
30002157
30002165
30002168
30002172
30002182
30002184
30002185
30002186
30002187
30002190
30002194
30002205
30002209
30002210
30002214
30002219
30002220
30002223
30002224
30002233
30002234
30002235
30002236
30002239
30002241
30002243
30002248
30002254
30002260
30002264
30002266
30002270
30002271
30002272
30002275
30002276
30002278
30002281
30002284
30002286
30002289
30002297
30002298
30002301
30002305
30002307
30002308
30002311
30002312
30002320
30002323
30002324
30002329
30002330
30002331
30002335
30002336
30002338
30002342
30002347
30002349
30002351
30002352
30002354
30002356
30002360
30002361
30002362
30002363
30002364
30002365
30002369
30002371
30002374
30002375
30002377
30002379
30002380
30002385
30002387
30002388
30002389
30002390
30002393
30002394
30002398
30002401
30002404
30002409
30002411
30002413
30002414
30002417
30002421
30002423
30002429
30002435
30002441
30002444
30002448
30002451
30002452
30002453
30002455
30002456
30002458
30002459
30002466
30002467
30002468
30002470
30002471
30002472
30002473
30002474
30002476
30002479
30002480
30002481
30002482
30002484
30002489
30002490
30002491
30002494
30002495
30002497
30002510
30002517
30002518
30002520
30002521
30002523
30002525
30002535
30002542
30002543
30002547
30002550
30002552
30002555
30002556
30002557
30002559
30002563
30002566
30002571
30002574
30002576
30002584
30002586
30002590
30002592
30002593
30002596
30002603
30002606
30002609
30002610
30002614
30002618
30002623
30002625
30002628
30002634
30002641
30002642
30002643
30002644
30002649
30002653
30002654
30002656
30002660
30002661
30002665
30002668
30002669
30002670
30002671
30002673
30002678
30002681
30002682
30002687
30002696
30002701
30002706
30002707
30002712
30002713
30002715
30002717
30002720
30002722
30002725
30002727
30002730
30002731
30002734
30002738
30002743
30002744
30002745
30002747
30002748
30002750
30002751
30002752
30002759
30002763
30002764
30002765
30002766
30002768
30002774
30002778
30002779
30002781
30002785
30002786
30002787
30002791
30002795
30002796
30002802
30002803
30002808
30002814
30002816
30002820
30002825
30002826
30002827
30002828
30002829
30002840
30002845
30002849
30002852
30002855
30002857
30002859
30002864
30002865
30002869
30002877
30002878
30002879
30002880
30002885
30002889
30002891
30002892
30002896
30002898
30002906
30002910
30002913
30002916
30002917
30002927
30002931
30002936
30002937
30002940
30002942
30002943
30002950
30002951
30002957
30002958
30002959
30002963
30002964
30002966
30002969
30002970
30002973
30002976
30002977
30002979
30002981
30002983
30002984
30002992
30002994
30003001
30003002
30003006
30003008
30003010
30003015
30003019
30003024
30003028
30003029
30003030
30003034
30003044
30003046
30003047
30003054
30003055
30003057
30003059
30003063
30003065
30003073
30003076
30003078
30003079
30003081
30003082
30003094
30003102
30003104
30003109
30003111
30003116
30003117
30003125
30003127
30003129
30003134
30003135
30003137
30003138
30003142
30003144
30003146
30003147
30003149
30003150
30003151
30003152
30003163
30003166
30003173
30003174
30003175
30003183
30003184
30003187
30003191
30003194
30003195
30003197
30003198
30003200
30003204
30003205
30003206
30003210
30003211
30003212
30003216
30003220
30003228
30003229
30003230
30003231
30003234
30003240
30003244
30003247
30003251
30003256
30003260
30003266
30003272
30003278
30003281
30003283
30003290
30003293
30003295
30003300
30003304
30003308
30003311
30003313
30003314
30003316
30003320
30003321
30003323
30003324
30003326
30003331
30003334
30003336
30003338
30003347
30003354
30003359
30003360
30003364
30003365
30003368
30003372
30003374
30003375
30003378
30003379
30003382
30003383
30003386
30003387
30003389
30003390
30003391
30003393
30003394
30003395
30003396
30003400
30003404
30003406
30003409
30003412
30003415
30003417
30003418
30003422
30003426
30003430
30003432
30003436
30003437
30003439
30003441
30003446
30003448
30003450
30003451
30003457
30003460
30003464
30003472
30003474
30003479
30003480
30003487
30003488
30003491
30003493
30003497
30003498
30003500
30003502
30003503
30003505
30003507
30003525
30003528
30003531
30003532
30003534
30003536
30003537
30003546
30003553
30003557
30003560
30003561
30003565
30003566
30003570
30003571
30003572
30003577
30003587
30003588
30003593
30003598
30003600
30003601
30003602
30003605
30003609
30003611
30003613
30003617
30003619
30003620
30003621
30003623
30003624
30003625
30003634
30003635
30003636
30003639
30003643
30003647
30003649
30003650
30003652
30003653
30003655
30003658
30003663
30003673
30003676
30003680
30003681
30003686
30003687
30003689
30003693
30003699
30003700
30003702
30003706
30003707
30003710
30003712
30003713
30003714
30003716
30003717
30003719
30003722
30003724
30003726
30003727
30003730
30003732
30003734
30003735
30003737
30003742
30003743
30003748
30003749
30003750
30003751
30003752
30003754
30003756
30003757
30003762
30003763
30003765
30003772
30003773
30003775
30003776
30003777
30003778
30003779
30003785
30003788
30003790
30003792
30003796
30003797
30003799
30003801
30003802
30003803
30003808
30003812
30003813
30003814
30003815
30003816
30003817
30003821
30003824
30003825
30003828
30003831
30003836
30003837
30003840
30003842
30003843
30003847
30003848
30003851
30003853
30003854
30003855
30003856
30003858
30003860
30003863
30003870
30003871
30003876
30003878
30003881
30003882
30003885
30003886
30003887
30003888
30003889
30003890
30003893
30003896
30003897
30003898
30003899
30003901
30003904
30003916
30003919
30003921
30003923
30003924
30003926
30003928
30003930
30003936
30003944
30003945
30003949
30003951
30003953
30003958
30003960
30003962
30003966
30003967
30003968
30003969
30003971
30003972
30003973
30003976
30003980
30003982
30003983
30003985
30003986
30003987
30003989
30003993
30004000
30004005
30004007
30004008
30004013
30004016
30004017
30004018
30004019
30004025
30004026
30004027
30004028
30004029
30004030
30004032
30004034
30004039
30004042
30004044
30004047
30004049
30004052
30004057
30004061
30004062
30004065
30004066
30004069
30004071
30004072
30004073
30004075
30004076
30004077
30004078
30004080
30004084
30004088
30004089
30004091
30004093
30004095
30004096
30004101
30004107
30004110
30004115
30004118
30004123
30004125
30004130
30004134
30004135
30004136
30004141
30004145
30004150
30004151
30004156
30004157
30004161
30004162
30004173
30004181
30004189
30004190
30004191
30004192
30004198
30004199
30004206
30004209
30004211
30004212
30004216
30004218
30004221
30004222
30004228
30004234
30004235
30004240
30004244
30004249
30004256
30004257
30004259
30004264
30004265
30004268
30004274
30004278
30004279
30004281
30004285
30004287
30004289
30004291
30004297
30004301
30004302
30004303
30004304
30004306
30004312
30004314
30004317
30004320
30004332
30004333
30004338
30004343
30004344
30004345
30004349
30004350
30004352
30004357
30004358
30004360
30004362
30004364
30004365
30004370
30004371
30004374
30004376
30004377
30004379
30004382
30004385
30004389
30004392
30004393
30004395
30004398
30004402
30004406
30004410
30004417
30004420
30004421
30004422
30004424
30004428
30004435
30004443
30004444
30004446
30004452
30004454
30004460
30004464
30004465
30004471
30004474
30004476
30004483
30004486
30004488
30004493
30004496
30004500
30004505
30004508
30004509
30004510
30004513
30004522
30004526
30004528
30004529
30004533
30004535
30004536
30004541
30004542
30004544
30004545
30004547
30004548
30004550
30004553
30004555
30004567
30004568
30004575
30004576
30004577
30004584
30004587
30004590
30004593
30004601
30004605
30004606
30004607
30004609
30004613
30004616
30004617
30004622
30004628
30004632
30004636
30004637
30004644
30004646
30004650
30004651
30004654
30004658
30004660
30004671
30004672
30004677
30004680
30004685
30004688
30004691
30004692
30004694
30004699
30004701
30004702
30004703
30004707
30004711
30004712
30004714
30004718
30004721
30004724
30004730
30004731
30004732
30004733
30004734
30004735
30004736
30004737
30004738
30004740
30004742
30004746
30004748
30004749
30004752
30004753
30004756
30004757
30004763
30004767
30004773
30004774
30004781
30004785
30004789
30004792
30004793
30004795
30004804
30004807
30004811
30004813
30004819
30004822
30004823
30004825
30004833
30004834
30004835
30004837
30004841
30004842
30004847
30004851
30004854
30004855
30004857
30004858
30004860
30004863
30004864
30004867
30004868
30004873
30004874
30004875
30004878
30004880
30004883
30004884
30004885
30004895
30004900
30004901
30004902
30004910
30004916
30004921
30004925
30004927
30004929
30004934
30004942
30004943
30004945
30004946
30004950
30004951
30004952
30004953
30004954
30004955
30004961
30004980
30004987
30004989
30004992
30004997
30004999
30005001
30005003
30005006
30005009
30005013
30005014
30005016
30005018
30005019
30005022
30005023
30005028
30005029
30005030
30005032
30005037
30005039
30005040
30005042
30005044
30005046
30005048
30005053
30005054
30005061
30005064
30005068
30005069
30005072
30005073
30005074
30005077
30005078
30005082
30005086
30005100
30005103
30005105
30005110
30005111
30005114
30005118
30005121
30005123
30005131
30005132
30005136
30005138
30005144
30005145
30005149
30005152
30005155
30005156
30005160
30005164
30005165
30005166
30005168
30005173
30005175
30005176
30005178
30005190
30005191
30005194
30005195
30005197
30005202
30005206
30005208
30005211
30005214
30005219
30005221
30005222
30005223
30005232
30005233
30005236
30005239
30005240
30005241
30005243
30005247
30005254
30005258
30005259
30005261
30005265
30005268
30005274
30005275
30005278
30005279
30005280
30005282
30005283
30005289
30005292
30005293
30005294
30005295
30005296
30005303
30005304
30005308
30005311
30005313
30005317
30005320
30005321
30005324
30005329
30005333
30005340
30005345
30005346
30005350
30005351
30005356
30005357
30005364
30005371
30005377
30005383
30005391
30005393
30005396
30005398
30005402
30005403
30005407
30005408
30005411
30005413
30005414
30005415
30005417
30005423
30005426
30005428
30005435
30005436
30005437
30005439
30005449
30005452
30005455
30005456
30005458
30005461
30005464
30005468
30005472
30005479
30005484
30005485
30005491
30005492
30005493
30005495
30005496
30005497
30005499
30005503
30005505
30005506
30005508
30005510
30005520
30005525
30005527
30005528
30005529
30005530
30005531
30005533
30005535
30005537
30005543
30005546
30005547
30005553
30005554
30005555
30005567
30005571
30005582
30005586
30005587
30005604
30005605
30005610
30005611
30005613
30005615
30005616
30005618
30005619
30005624
30005625
30005630
30005632
30005634
30005635
30005637
30005640
30005641
30005642
30005643
30005652
30005653
30005655
30005656
30005660
30005662
30005664
30005666
30005669
30005670
30005672
30005678
30005679
30005682
30005689
30005690
30005693
30005694
30005700
30005701
30005702
30005716
30005718
30005720
30005722
30005724
30005730
30005732
30005733
30005734
30005739
30005740
30005744
30005745
30005746
30005754
30005755
30005759
30005760
30005768
30005769
30005775
30005776
30005782
30005785
30005792
30005794
30005797
30005799
30005800
30005803
30005806
30005815
30005820
30005828
30005831
30005832
30005833
30005837
30005839
30005842
30005846
30005849
30005852
30005860
30005862
30005863
30005865
30005879
30005881
30005883
30005885
30005889
30005890
30005894
30005895
30005897
30005899
30005904
30005905
30005906
30005913
30005914
30005915
30005917
30005921
30005927
30005928
30005929
30005930
30005939
30005940
30005942
30005944
30005948
30005953
30005960
30005965
30005967
30005971
30005977
30005981
30005985
30005986
30005987
30005993
30005995
30005998
30005999
40000004
40000006
40000008
40000016
40000017
40000025
40000026
40000030
40000033
40000034
40000035
40000038
40000042
40000043
40000047
40000049
40000053
40000055
40000058
40000060
40000064
40000066
40000069
40000076
40000078
40000079
40000081
40000084
40000086
40000087
40000090
40000091
40000097
40000098
40000100
40000101
40000105
40000108
40000113
40000115
40000119
40000121
40000122
40000130
40000131
40000133
40000144
40000146
40000147
40000148
40000152
40000155
40000160
40000162
40000168
40000169
40000170
40000171
40000173
40000176
40000178
40000188
40000189
40000190
40000191
40000194
40000196
40000197
40000202
40000203
40000207
40000212
40000218
40000219
40000222
40000224
40000228
40000229
40000231
40000235
40000236
40000241
40000243
40000245
40000246
40000253
40000261
40000262
40000263
40000267
40000273
40000277
40000282
40000286
40000293
40000299
40000301
40000302
40000303
40000309
40000310
40000313
40000318
40000320
40000324
40000326
40000329
40000331
40000334
40000336
40000337
40000342
40000343
40000345
40000351
40000356
40000357
40000359
40000360
40000361
40000364
40000365
40000366
40000368
40000369
40000370
40000372
40000375
40000378
40000382
40000384
40000385
40000390
40000391
40000396
40000398
40000407
40000413
40000417
40000424
40000426
40000427
40000429
40000433
40000435
40000436
40000442
40000445
40000447
40000448
40000451
40000454
40000457
40000469
40000470
40000472
40000473
40000479
40000481
40000482
40000490
40000491
40000492
40000495
40000496
40000497
40000503
40000507
40000509
40000510
40000514
40000517
40000520
40000521
40000524
40000529
40000531
40000532
40000535
40000536
40000538
40000540
40000543
40000546
40000550
40000551
40000553
40000558
40000560
40000563
40000569
40000570
40000572
40000573
40000579
40000583
40000584
40000589
40000597
40000598
40000599
40000604
40000609
40000621
40000626
40000629
40000635
40000639
40000640
40000648
40000650
40000655
40000656
40000658
40000664
40000666
40000669
40000670
40000671
40000673
40000675
40000676
40000680
40000681
40000682
40000687
40000688
40000689
40000690
40000691
40000693
40000694
40000697
40000698
40000700
40000702
40000703
40000705
40000706
40000717
40000722
40000725
40000728
40000729
40000730
40000731
40000734
40000737
40000739
40000745
40000746
40000748
40000751
40000755
40000756
40000758
40000760
40000761
40000763
40000766
40000772
40000774
40000776
40000780
40000782
40000783
40000785
40000787
40000791
40000792
40000802
40000806
40000808
40000811
40000813
40000822
40000823
40000826
40000828
40000829
40000831
40000834
40000841
40000842
40000853
40000854
40000858
40000861
40000862
40000863
40000867
40000868
40000870
40000871
40000881
40000882
40000883
40000884
40000889
40000903
40000904
40000907
40000908
40000909
40000916
40000921
40000933
40000939
40000942
40000943
40000950
40000954
40000955
40000956
40000957
40000961
40000964
40000967
40000970
40000971
40000972
40000985
40000987
40000988
40000989
40000990
40000993
40000997
40000999
40001002
40001007
40001011
40001012
40001014
40001016
40001017
40001019
40001021
40001022
40001024
40001028
40001032
40001035
40001041
40001043
40001044
40001045
40001046
40001047
40001050
40001051
40001057
40001059
40001062
40001064
40001065
40001066
40001071
40001074
40001075
40001080
40001083
40001087
40001088
40001091
40001093
40001095
40001099
40001100
40001101
40001106
40001114
40001118
40001119
40001124
40001126
40001127
40001128
40001129
40001130
40001133
40001134
40001138
40001139
40001144
40001146
40001148
40001159
40001161
40001164
40001166
40001167
40001168
40001170
40001179
40001181
40001182
40001183
40001184
40001189
40001192
40001195
40001200
40001203
40001207
40001211
40001212
40001213
40001217
40001220
40001222
40001236
40001238
40001239
40001241
40001242
40001248
40001251
40001255
40001257
40001259
40001261
40001262
40001263
40001267
40001270
40001276
40001280
40001284
40001286
40001287
40001292
40001293
40001299
40001300
40001310
40001312
40001313
40001321
40001322
40001327
40001329
40001330
40001334
40001339
40001344
40001346
40001347
40001350
40001351
40001356
40001358
40001360
40001368
40001371
40001374
40001375
40001377
40001378
40001379
40001382
40001386
40001391
40001393
40001396
40001397
40001401
40001402
40001403
40001404
40001406
40001407
40001410
40001419
40001421
40001422
40001426
40001427
40001431
40001434
40001436
40001437
40001439
40001442
40001445
40001451
40001455
40001457
40001458
40001462
40001466
40001469
40001470
40001471
40001472
40001477
40001478
40001479
40001486
40001490
40001492
40001496
40001499
40001500
40001502
40001503
40001505
40001509
40001516
40001523
40001526
40001529
40001533
40001534
40001538
40001541
40001542
40001546
40001547
40001549
40001551
40001552
40001553
40001560
40001561
40001563
40001567
40001568
40001570
40001571
40001574
40001576
40001577
40001580
40001586
40001587
40001591
40001592
40001594
40001600
40001603
40001605
40001606
40001610
40001612
40001616
40001618
40001620
40001624
40001627
40001630
40001631
40001634
40001637
40001638
40001639
40001640
40001641
40001648
40001649
40001652
40001653
40001654
40001659
40001662
40001664
40001666
40001668
40001672
40001674
40001680
40001681
40001682
40001684
40001685
40001686
40001691
40001692
40001696
40001697
40001698
40001705
40001707
40001711
40001712
40001714
40001715
40001716
40001719
40001722
40001723
40001725
40001727
40001729
40001731
40001738
40001739
40001741
40001742
40001746
40001750
40001751
40001759
40001765
40001766
40001770
40001774
40001779
40001790
40001793
40001797
40001798
40001799
40001803
40001805
40001806
40001811
40001814
40001822
40001827
40001835
40001836
40001838
40001839
40001845
40001847
40001848
40001857
40001858
40001864
40001865
40001867
40001869
40001873
40001876
40001883
40001885
40001886
40001899
40001901
40001903
40001904
40001905
40001907
40001909
40001914
40001915
40001919
40001920
40001922
40001923
40001928
40001929
40001934
40001935
40001936
40001937
40001939
40001944
40001950
40001952
40001954
40001958
40001962
40001963
40001966
40001967
40001977
40001980
40001984
40001985
40001987
40001991
40001992
40001995
40002003
40002006
40002008
40002009
40002010
40002014
40002016
40002017
40002021
40002022
40002024
40002026
40002028
40002034
40002036
40002039
40002040
40002044
40002045
40002047
40002048
40002050
40002051
40002052
40002055
40002058
40002063
40002070
40002071
40002072
40002075
40002077
40002083
40002085
40002087
40002090
40002091
40002093
40002099
40002106
40002107
40002112
40002119
40002124
40002126
40002127
40002131
40002132
40002133
40002135
40002136
40002137
40002139
40002140
40002141
40002144
40002146
40002150
40002156
40002160
40002171
40002175
40002179
40002180
40002183
40002191
40002194
40002198
40002199
40002204
40002206
40002227
40002234
40002236
40002238
40002242
40002244
40002247
40002248
40002252
40002256
40002264
40002272
40002276
40002278
40002281
40002286
40002289
40002291
40002294
40002299
40002301
40002303
40002304
40002308
40002313
40002317
40002318
40002320
40002322
40002325
40002327
40002328
40002330
40002334
40002337
40002345
40002349
40002358
40002359
40002363
40002369
40002372
40002377
40002380
40002381
40002382
40002384
40002391
40002393
40002398
40002400
40002403
40002408
40002409
40002412
40002415
40002417
40002420
40002422
40002429
40002436
40002438
40002440
40002441
40002445
40002451
40002453
40002454
40002459
40002460
40002462
40002464
40002465
40002469
40002470
40002475
40002478
40002479
40002480
40002483
40002484
40002487
40002489
40002493
40002495
40002497
40002499
40002503
40002505
40002506
40002513
40002521
40002525
40002528
40002530
40002533
40002537
40002540
40002542
40002546
40002549
40002551
40002553
40002557
40002564
40002566
40002567
40002569
40002570
40002571
40002578
40002584
40002587
40002590
40002597
40002598
40002599
40002601
40002604
40002605
40002606
40002607
40002616
40002621
40002624
40002634
40002636
40002643
40002646
40002647
40002648
40002649
40002650
40002655
40002657
40002661
40002664
40002670
40002671
40002676
40002679
40002680
40002683
40002684
40002685
40002688
40002690
40002692
40002693
40002694
40002697
40002698
40002705
40002712
40002713
40002715
40002720
40002725
40002726
40002729
40002732
40002734
40002738
40002740
40002741
40002745
40002749
40002755
40002761
40002766
40002767
40002771
40002772
40002776
40002777
40002778
40002782
40002783
40002784
40002787
40002790
40002791
40002796
40002797
40002798
40002799
40002806
40002807
40002809
40002815
40002816
40002819
40002828
40002839
40002840
40002852
40002855
40002856
40002863
40002869
40002878
40002880
40002882
40002883
40002891
40002902
40002903
40002905
40002910
40002911
40002920
40002921
40002924
40002930
40002931
40002932
40002933
40002939
40002941
40002945
40002948
40002951
40002953
40002954
40002955
40002959
40002960
40002961
40002962
40002963
40002972
40002973
40002979
40002980
40003002
40003006
40003010
40003011
40003014
40003016
40003019
40003020
40003021
40003022
40003025
40003027
40003028
40003034
40003038
40003043
40003050
40003055
40003056
40003058
40003060
40003062
40003064
40003065
40003066
40003067
40003068
40003069
40003071
40003073
40003076
40003078
40003079
40003082
40003083
40003089
40003090
40003091
40003093
40003094
40003098
40003104
40003109
40003114
40003116
40003120
40003122
40003123
40003124
40003125
40003129
40003132
40003141
40003145
40003146
40003148
40003151
40003152
40003154
40003156
40003161
40003165
40003168
40003169
40003172
40003179
40003181
40003182
40003183
40003186
40003188
40003194
40003197
40003199
40003200
40003201
40003202
40003203
40003209
40003210
40003217
40003219
40003221
40003223
40003229
40003232
40003233
40003234
40003235
40003236
40003238
40003239
40003243
40003244
40003249
40003256
40003257
40003262
40003266
40003267
40003270
40003271
40003274
40003279
40003282
40003284
40003285
40003290
40003291
40003293
40003294
40003296
40003299
40003304
40003308
40003309
40003313
40003314
40003318
40003323
40003328
40003332
40003333
40003334
40003335
40003336
40003338
40003343
40003346
40003347
40003348
40003350
40003353
40003355
40003359
40003361
40003365
40003367
40003369
40003375
40003381
40003382
40003383
40003384
40003386
40003395
40003398
40003399
40003400
40003405
40003406
40003407
40003409
40003411
40003414
40003415
40003417
40003420
40003421
40003426
40003427
40003429
40003433
40003434
40003441
40003447
40003448
40003454
40003455
40003456
40003457
40003460
40003461
40003462
40003463
40003464
40003465
40003467
40003468
40003471
40003473
40003480
40003481
40003487
40003489
40003490
40003491
40003496
40003498
40003501
40003503
40003505
40003507
40003510
40003512
40003513
40003518
40003523
40003527
40003533
40003537
40003538
40003539
40003540
40003541
40003543
40003546
40003550
40003553
40003555
40003556
40003561
40003564
40003569
40003570
40003573
40003574
40003575
40003580
40003582
40003585
40003586
40003589
40003592
40003593
40003595
40003597
40003604
40003605
40003607
40003609
40003615
40003616
40003618
40003620
40003621
40003622
40003623
40003624
40003625
40003629
40003631
40003632
40003635
40003637
40003639
40003641
40003642
40003646
40003647
40003649
40003651
40003653
40003654
40003655
40003657
40003672
40003676
40003677
40003678
40003682
40003685
40003686
40003694
40003695
40003698
40003700
40003703
40003705
40003708
40003711
40003712
40003713
40003714
40003715
40003716
40003718
40003719
40003721
40003724
40003727
40003730
40003731
40003737
40003738
40003739
40003744
40003749
40003750
40003753
40003758
40003759
40003766
40003769
40003770
40003775
40003779
40003783
40003786
40003788
40003790
40003791
40003796
40003797
40003798
40003802
40003803
40003806
40003807
40003809
40003811
40003821
40003822
40003826
40003828
40003830
40003834
40003835
40003837
40003839
40003841
40003844
40003846
40003852
40003855
40003856
40003857
40003859
40003862
40003866
40003869
40003877
40003879
40003880
40003881
40003882
40003884
40003886
40003889
40003893
40003897
40003898
40003901
40003902
40003903
40003908
40003912
40003913
40003917
40003918
40003930
40003931
40003938
40003939
40003941
40003943
40003948
40003949
40003950
40003955
40003959
40003963
40003966
40003971
40003973
40003974
40003980
40003982
40003984
40003987
40003993
40003996
40004002
40004004
40004005
40004010
40004021
40004024
40004025
40004026
40004027
40004031
40004037
40004038
40004042
40004044
40004045
40004046
40004048
40004053
40004054
40004057
40004059
40004060
40004062
40004072
40004075
40004078
40004080
40004082
40004084
40004085
40004086
40004087
40004089
40004092
40004094
40004098
40004099
40004101
40004110
40004116
40004117
40004124
40004126
40004132
40004133
40004135
40004137
40004139
40004141
40004143
40004144
40004145
40004147
40004154
40004155
40004156
40004157
40004158
40004163
40004166
40004167
40004168
40004171
40004180
40004183
40004186
40004189
40004191
40004196
40004198
40004199
40004200
40004203
40004204
40004205
40004222
40004225
40004228
40004230
40004234
40004235
40004237
40004238
40004240
40004245
40004247
40004250
40004251
40004257
40004258
40004263
40004270
40004274
40004282
40004283
40004285
40004288
40004295
40004298
40004304
40004307
40004309
40004311
40004316
40004319
40004323
40004324
40004327
40004334
40004338
40004345
40004348
40004353
40004356
40004361
40004362
40004365
40004368
40004370
40004375
40004376
40004377
40004378
40004381
40004386
40004391
40004394
40004402
40004403
40004404
40004408
40004412
40004423
40004427
40004430
40004431
40004433
40004438
40004448
40004449
40004457
40004459
40004461
40004465
40004468
40004472
40004473
40004478
40004482
40004484
40004485
40004486
40004490
40004506
40004510
40004513
40004517
40004520
40004527
40004531
40004532
40004535
40004538
40004540
40004542
40004543
40004544
40004547
40004550
40004552
40004553
40004555
40004556
40004558
40004561
40004562
40004563
40004566
40004568
40004575
40004576
40004579
40004581
40004582
40004583
40004588
40004592
40004594
40004596
40004597
40004601
40004603
40004607
40004612
40004614
40004615
40004617
40004629
40004633
40004634
40004637
40004640
40004641
40004643
40004645
40004646
40004651
40004655
40004656
40004657
40004662
40004664
40004668
40004670
40004671
40004672
40004675
40004681
40004683
40004684
40004685
40004689
40004692
40004694
40004695
40004706
40004711
40004713
40004715
40004717
40004721
40004725
40004729
40004738
40004740
40004742
40004747
40004748
40004755
40004764
40004765
40004769
40004770
40004775
40004780
40004781
40004782
40004783
40004785
40004786
40004790
40004793
40004794
40004796
40004797
40004800
40004801
40004805
40004810
40004814
40004818
40004824
40004828
40004830
40004836
40004841
40004842
40004843
40004850
40004853
40004858
40004865
40004866
40004867
40004875
40004877
40004878
40004881
40004890
40004892
40004897
40004900
40004901
40004904
40004906
40004909
40004911
40004912
40004913
40004914
40004915
40004917
40004918
40004924
40004928
40004930
40004932
40004933
40004935
40004943
40004944
40004945
40004948
40004950
40004952
40004961
40004962
40004963
40004967
40004968
40004971
40004973
40004977
40004983
40004984
40004988
40004990
40004994
40004997
40004998
40004999
40005000
40005001
40005006
40005009
40005013
40005014
40005019
40005020
40005021
40005023
40005027
40005028
40005033
40005048
40005052
40005053
40005056
40005057
40005059
40005060
40005062
40005064
40005066
40005067
40005068
40005070
40005076
40005079
40005083
40005085
40005088
40005093
40005094
40005095
40005098
40005100
40005101
40005105
40005108
40005110
40005114
40005116
40005121
40005128
40005129
40005130
40005132
40005133
40005135
40005136
40005142
40005143
40005144
40005145
40005147
40005156
40005157
40005160
40005162
40005164
40005166
40005167
40005172
40005174
40005177
40005181
40005187
40005195
40005196
40005199
40005207
40005210
40005211
40005213
40005215
40005221
40005228
40005229
40005234
40005237
40005242
40005243
40005251
40005254
40005255
40005258
40005262
40005264
40005265
40005267
40005269
40005272
40005273
40005274
40005278
40005279
40005293
40005300
40005301
40005302
40005305
40005310
40005313
40005316
40005318
40005319
40005320
40005322
40005325
40005328
40005331
40005337
40005338
40005340
40005345
40005346
40005348
40005351
40005353
40005356
40005357
40005358
40005362
40005365
40005367
40005372
40005375
40005376
40005381
40005385
40005388
40005389
40005390
40005399
40005401
40005402
40005413
40005419
40005421
40005425
40005429
40005432
40005443
40005444
40005445
40005446
40005448
40005451
40005452
40005455
40005457
40005465
40005466
40005468
40005477
40005480
40005483
40005484
40005485
40005486
40005487
40005488
40005490
40005492
40005493
40005495
40005498
40005512
40005516
40005518
40005519
40005520
40005521
40005523
40005525
40005530
40005532
40005533
40005535
40005541
40005542
40005544
40005545
40005546
40005547
40005548
40005552
40005554
40005557
40005561
40005564
40005575
40005578
40005580
40005581
40005584
40005588
40005591
40005594
40005596
40005602
40005605
40005607
40005608
40005611
40005613
40005614
40005617
40005626
40005631
40005634
40005639
40005642
40005644
40005646
40005647
40005649
40005650
40005652
40005656
40005665
40005673
40005675
40005677
40005682
40005683
40005685
40005686
40005690
40005691
40005693
40005695
40005696
40005698
40005702
40005703
40005704
40005714
40005715
40005721
40005730
40005734
40005735
40005738
40005739
40005742
40005743
40005744
40005747
40005752
40005759
40005760
40005761
40005771
40005772
40005774
40005777
40005783
40005784
40005785
40005790
40005791
40005794
40005795
40005802
40005803
40005812
40005813
40005822
40005827
40005833
40005834
40005842
40005843
40005845
40005846
40005847
40005850
40005857
40005860
40005861
40005865
40005867
40005871
40005873
40005874
40005875
40005876
40005878
40005885
40005886
40005894
40005901
40005905
40005906
40005907
40005908
40005914
40005916
40005917
40005918
40005922
40005927
40005929
40005930
40005933
40005937
40005938
40005943
40005945
40005948
40005949
40005953
40005955
40005969
40005971
40005980
40005982
40005984
40005985
40005986
40005987
40005989
40005991
40005993
40005997
40005998
