0
1
2
3
4
5
6
7
8
9
10
11
12
13
14
15
16
17
18
19
20
21
22
23
24
25
26
27
28
29
30
31
32
33
34
35
36
37
38
39
40
41
42
43
44
45
46
47
48
49
50
51
52
53
54
55
56
57
58
60
62
64
66
68
70
72
74
76
78
80
82
84
86
88
90
92
94
96
98
100
102
104
106
108
110
112
114
116
118
120
122
124
126
128
130
132
134
136
138
140
142
144
146
148
150
152
154
156
158
160
162
164
166
168
170
172
174
176
178
180
182
184
186
188
190
192
194
196
198
200
202
204
206
209
212
215
218
221
224
227
230
233
236
239
242
245
248
251
254
257
260
263
266
269
272
275
278
281
284
287
290
293
296
299
302
305
308
311
314
317
320
323
326
329
332
335
338
341
344
347
350
353
357
361
365
369
373
377
381
385
389
393
397
401
405
409
413
417
421
425
429
433
437
441
445
449
453
457
461
465
469
473
477
481
485
489
493
497
502
507
512
517
522
527
532
537
542
547
552
557
562
567
572
577
582
587
592
597
602
607
612
617
622
627
632
637
642
648
654
660
666
672
678
684
690
696
702
708
714
720
726
732
738
744
750
756
762
768
774
780
786
793
800
807
814
821
828
835
842
849
856
863
870
877
884
891
898
905
912
919
926
933
941
949
957
965
973
981
989
997
1005
1013
1021
1029
1037
1045
1053
1061
1069
1077
1086
1095
1104
1113
1122
1131
1140
1149
1158
1167
1176
1185
1194
1203
1212
1221
1231
1241
1251
1261
1271
1281
1291
1301
1311
1321
1331
1341
1351
1361
1371
1382
1393
1404
1415
1426
1437
1448
1459
1470
1481
1492
1503
1514
1526
1538
1550
1562
1574
1586
1598
1610
1622
1634
1646
1658
1671
1684
1697
1710
1723
1736
1749
1762
1775
1788
1801
1815
1829
1843
1857
1871
1885
1899
1913
1927
1941
1956
1971
1986
2001
2016
2031
2046
2061
2076
2091
2107
2123
2139
2155
2171
2187
2203
2219
2235
2252
2269
2286
2303
2320
2337
2354
2371
2389
2407
2425
2443
2461
2479
2497
2515
2534
2553
2572
2591
2610
2629
2648
2667
2687
2707
2727
2747
2767
2787
2807
2828
2849
2870
2891
2912
2933
2954
2976
2998
3020
3042
3064
3086
3108
3131
3154
3177
3200
3223
3246
3270
3294
3318
3342
3366
3390
3415
3440
3465
3490
3515
3540
3566
3592
3618
3644
3670
3697
3724
3751
3778
3805
3832
3860
3888
3916
3944
3972
4001
4030
4059
4088
4117
4147
4177
4207
4237
4267
4298
4329
4360
4391
4423
4455
4487
4519
4551
4584
4617
4650
4683
4717
4751
4785
4819
4853
4888
4923
4958
4993
5029
5065
5101
5137
5174
5211
5248
5285
5323
5361
5399
5438
5477
5516
5555
5595
5635
5675
5715
5756
5797
5838
5880
5922
5964
6006
6049
6092
6135
6179
6223
6267
6312
6357
6402
6447
6493
6539
6585
6632
6679
6726
6774
6822
6870
6919
6968
7017
7067
7117
7167
7218
7269
7320
7372
7424
7477
7530
7583
7637
7691
7745
7800
7855
7911
7967
8023
8080
8137
8195
8253
8311
8370
8429
8489
8549
8609
8670
8731
8793
8855
8917
8980
9043
9107
9171
9236
9301
9367
9433
9500
9567
9634
9702
9770
9839
9908
9978
10048
10119
10190
10262
10334
10407
10480
10554
10628
10703
10778
10854
10930
11007
11084
11162
11241
11320
11400
11480
11561
11642
11724
11806
11889
11973
12057
12142
12227
12313
12399
12486
12574
12662
12751
12841
12931
13022
13113
13205
13298
13391
13485
13580
13675
13771
13868
13965
14063
14162
14261
14361
14462
14563
14665
14768
14872
14976
15081
15187
15293
15400
15508
15617
15726
15836
15947
16059
16171
16284
16398
16513
16629
16745
16862
16980
17099
17219
17340
17461
17583
17706
17830
17955
18081
18208
18335
18463
18592
18722
18853
18985
19118
19252
19387
19523
19660
19797
19935
20074
20214
20355
20497
20640
20784
20929
21075
21222
21370
21519
21669
21820
21972
22126
22281
22437
22594
22752
22911
23071
23232
23394
23557
23722
23888
24055
24223
24392
24562
24733
24906
25080
25255
25431
25609
25788
25968
26149
26331
26515
26700
26886
27074
27263
27453
27645
27838
28032
28228
28425
28623
28823
29024
29226
29430
29635
29842
30050
30260
30471
30683
30897
31112
31329
31547
31767
31988
32211
32436
32662
32890
33119
33350
33582
33816
34052
34289
34528
34769
35011
35255
35501
35748
35997
36248
36501
36755
37011
37269
37529
37790
38053
38318
38585
38854
39125
39398
39672
39948
40226
40506
40788
41072
41358
41646
41936
42228
42522
42818
43116
43416
43718
44022
44329
44638
44949
45262
45577
45894
46214
46536
46860
47186
47514
47845
48178
48513
48851
49191
49533
49878
50225
50575
50927
51281
51638
51997
52359
52723
53090
53459
53831
54206
54583
54963
55345
55730
56118
56508
56901
57297
57696
58097
58501
58908
59318
59731
60147
60565
60986
61410
61837
62267
62700
63136
63575
64017
64462
64910
65361
65816
66274
66735
67199
67666
68137
68611
69088
69568
70052
70539
71030
71524
72021
72522
73026
73534
74045
74560
75078
75600
76126
76655
77188
77725
78265
78809
79357
79909
80465
81024
81587
82154
82725
83300
83879
84462
85049
85640
86235
86834
87438
88046
88658
89274
89895
90520
91149
91783
92421
93063
93710
94361
95017
95677
96342
97012
97686
98365
99049
99737
100430
101128
101831
102539
103252
103970
104693
105421
106154
106892
107635
108383
109136
109894
110658
111427
112201
112981
113766
114556
115352
116154
116961
117774
118592
119416
120246
121081
121922
122769
123622
124481
125346
126217
127094
127977
128866
129761
130662
131570
132484
133404
134331
135264
136204
137150
138103
139062
140028
141001
141980
142966
143959
144959
