0
1
2
3
4
5
6
7
8
9
10
11
12
13
14
15
16
17
18
19
20
21
22
23
24
25
26
27
28
29
30
31
32
33
34
35
36
37
38
39
40
41
42
43
44
45
46
47
48
49
50
51
52
53
54
55
56
57
58
59
60
61
62
63
64
65
66
67
68
69
70
71
72
73
74
75
76
77
78
79
80
81
82
83
84
85
86
87
88
89
90
91
92
93
94
95
96
97
98
99
100
101
102
103
104
105
106
107
108
109
110
111
112
113
114
115
116
117
118
119
120
121
122
123
124
125
126
127
128
129
130
131
132
133
134
135
136
137
138
139
140
141
142
143
144
145
146
147
148
149
150
151
152
153
154
155
156
157
158
159
160
161
162
163
164
165
166
167
168
169
170
171
172
173
174
175
176
177
178
179
180
181
182
183
184
185
186
187
188
189
190
191
192
193
194
195
196
197
198
199
200
201
202
203
204
205
206
207
208
209
210
211
212
213
214
215
216
217
218
219
220
221
222
223
224
225
226
227
228
229
230
231
232
233
234
235
236
237
238
239
240
241
242
243
244
245
246
247
248
249
250
251
252
253
254
255
256
257
258
259
260
261
262
263
264
265
266
267
268
269
270
271
272
273
274
275
276
277
278
279
280
281
282
283
284
285
286
287
288
289
290
291
292
293
294
295
296
297
298
299
300
301
302
303
304
305
306
307
308
309
310
311
312
313
314
315
316
317
318
319
320
321
322
323
324
325
326
327
328
329
330
331
332
333
334
335
336
337
338
339
340
341
342
343
344
345
346
347
348
349
350
351
352
353
354
355
356
357
358
359
360
361
362
363
364
365
366
367
368
369
370
371
372
373
374
375
376
377
378
379
380
381
382
383
384
385
386
387
388
389
390
391
392
393
394
395
396
397
398
399
400
401
402
403
404
405
406
407
408
409
410
411
412
413
414
415
416
417
418
419
420
421
422
423
424
425
426
427
428
429
430
431
432
433
434
435
436
437
438
439
440
441
442
443
444
445
446
447
448
449
450
451
452
453
454
455
456
457
458
459
460
461
462
463
464
465
466
467
468
469
470
471
472
473
474
475
476
477
478
479
480
481
482
483
484
485
486
487
488
489
490
491
492
493
494
495
496
497
498
499
500
501
502
503
504
505
506
507
508
509
510
511
512
513
514
515
516
517
518
519
520
521
522
523
524
525
526
527
528
529
530
531
532
533
534
535
536
537
538
539
540
541
542
543
544
545
546
547
548
549
550
551
552
553
554
555
556
557
558
559
560
561
562
563
564
565
566
567
568
569
570
571
572
573
574
575
576
577
578
579
580
581
582
583
584
585
586
588
590
592
594
596
598
600
602
604
606
608
610
612
614
616
618
620
622
624
626
628
630
632
634
636
638
640
642
644
646
648
650
652
654
656
658
660
662
664
666
668
670
672
674
676
678
680
682
684
686
688
690
692
694
696
698
700
702
704
706
708
710
712
714
716
718
720
722
724
726
728
730
732
734
736
738
740
742
744
746
748
750
752
754
756
758
760
762
764
766
768
770
772
774
776
778
780
782
784
786
788
790
792
794
796
798
800
802
804
806
808
810
812
814
816
818
820
822
824
826
828
830
832
834
836
838
840
842
844
846
848
850
852
854
856
858
860
862
864
866
868
870
872
874
876
878
880
882
884
886
888
890
892
894
896
898
900
902
904
906
908
910
912
914
916
918
920
922
924
926
928
930
932
934
936
938
940
942
944
946
948
950
952
954
956
958
960
962
964
966
968
970
972
974
976
978
980
982
984
986
988
990
992
994
996
998
1000
1002
1004
1006
1008
1010
1012
1014
1016
1018
1020
1022
1024
1026
1028
1030
1032
1034
1036
1038
1040
1042
1044
1046
1048
1050
1052
1054
1056
1058
1060
1062
1064
1066
1068
1070
1072
1074
1076
1078
1080
1082
1084
1086
1088
1090
1092
1094
1096
1098
1100
1102
1104
1106
1108
1110
1112
1114
1116
1118
1120
1122
1124
1126
1128
1130
1132
1134
1136
1138
1140
1142
1144
1146
1148
1150
1152
1154
1156
1158
1160
1162
1164
1166
1168
1170
1172
1174
1176
1178
1180
1182
1184
1186
1188
1190
1192
1194
1196
1198
1200
1202
1204
1206
1208
1210
1212
1214
1216
1218
1220
1222
1224
1226
1228
1230
1232
1234
1236
1238
1240
1242
1244
1246
1248
1250
1252
1254
1256
1258
1260
1262
1264
1266
1268
1270
1272
1274
1276
1278
1280
1282
1284
1286
1288
1290
1292
1294
1296
1298
1300
1302
1304
1306
1308
1310
1312
1314
1316
1318
1320
1322
1324
1326
1328
1330
1332
1334
1336
1338
1340
1342
1344
1346
1348
1350
1352
1354
1356
1358
1360
1362
1364
1366
1368
1370
1372
1374
1376
1378
1380
1382
1384
1386
1388
1390
1392
1394
1396
1398
1400
1402
1404
1406
1408
1410
1412
1414
1416
1418
1420
1422
1424
1426
1428
1430
1432
1434
1436
1438
1440
1442
1444
1446
1448
1450
1452
1454
1456
1458
1460
1462
1464
1466
1468
1470
1472
1474
1476
1478
1480
1482
1484
1486
1488
1490
1492
1494
1496
1498
1500
1502
1504
1506
1508
1510
1512
1514
1516
1518
1520
1522
1524
1526
1528
1530
1532
1534
1536
1538
1540
1542
1544
1546
1548
1550
1552
1554
1556
1558
1560
1562
1564
1566
1568
1570
1572
1574
1576
1578
1580
1582
1584
1586
1588
1590
1592
1594
1596
1598
1600
1602
1604
1606
1608
1610
1612
1614
1616
1618
1620
1622
1624
1626
1628
1630
1632
1634
1636
1638
1640
1642
1644
1646
1648
1650
1652
1654
1656
1658
1660
1662
1664
1666
1668
1670
1672
1674
1676
1678
1680
1682
1684
1686
1688
1690
1692
1694
1696
1698
1700
1702
1704
1706
1708
1710
1712
1714
1716
1718
1720
1722
1724
1726
1728
1730
1732
1734
1736
1738
1740
1742
1744
1746
1748
1750
1752
1754
1756
1758
1760
1762
1764
1766
1768
1770
1772
1774
1776
1778
1780
1782
1784
1786
1788
1790
1792
1794
1796
1798
1800
1802
1804
1806
1808
1810
1812
1814
1816
1818
1820
1822
1824
1826
1828
1830
1832
1834
1836
1838
1840
1842
1844
1846
1848
1850
1852
1854
1856
1858
1860
1862
1864
1866
1868
1870
1872
1874
1876
1878
1880
1882
1884
1886
1888
1890
1892
1894
1896
1898
1900
1902
1904
1906
1908
1910
1912
1914
1916
1918
1920
1922
1924
1926
1928
1930
1932
1934
1936
1938
1940
1942
1944
1946
1948
1950
1952
1954
1956
1958
1960
1962
1964
1966
1968
1970
1972
1974
1976
1978
1980
1982
1984
1986
1988
1990
1992
1994
1996
1998
2000
2002
2004
2006
2008
2010
2012
2014
2016
2018
2020
2022
2024
2026
2028
2030
2032
2034
2036
2038
2040
2042
2044
2046
2048
2050
2052
2054
2056
2058
2060
2062
2064
2066
2069
2072
2075
2078
2081
2084
2087
2090
2093
2096
2099
2102
2105
2108
2111
2114
2117
2120
2123
2126
2129
2132
2135
2138
2141
2144
2147
2150
2153
2156
2159
2162
2165
2168
2171
2174
2177
2180
2183
2186
2189
2192
2195
2198
2201
2204
2207
2210
2213
2216
2219
2222
2225
2228
2231
2234
2237
2240
2243
2246
2249
2252
2255
2258
2261
2264
2267
2270
2273
2276
2279
2282
2285
2288
2291
2294
2297
2300
2303
2306
2309
2312
2315
2318
2321
2324
2327
2330
2333
2336
2339
2342
2345
2348
2351
2354
2357
2360
2363
2366
2369
2372
2375
2378
2381
2384
2387
2390
2393
2396
2399
2402
2405
2408
2411
2414
2417
2420
2423
2426
2429
2432
2435
2438
2441
2444
2447
2450
2453
2456
2459
2462
2465
2468
2471
2474
2477
2480
2483
2486
2489
2492
2495
2498
2501
2504
2507
2510
2513
2516
2519
2522
2525
2528
2531
2534
2537
2540
2543
2546
2549
2552
2555
2558
2561
2564
2567
2570
2573
2576
2579
2582
2585
2588
2591
2594
2597
2600
2603
2606
2609
2612
2615
2618
2621
2624
2627
2630
2633
2636
2639
2642
2645
2648
2651
2654
2657
2660
2663
2666
2669
2672
2675
2678
2681
2684
2687
2690
2693
2696
2699
2702
2705
2708
2711
2714
2717
2720
2723
2726
2729
2732
2735
2738
2741
2744
2747
2750
2753
2756
2759
2762
2765
2768
2771
2774
2777
2780
2783
2786
2789
2792
2795
2798
2801
2804
2807
2810
2813
2816
2819
2822
2825
2828
2831
2834
2837
2840
2843
2846
2849
2852
2855
2858
2861
2864
2867
2870
2873
2876
2879
2882
2885
2888
2891
2894
2897
2900
2903
2906
2909
2912
2915
2918
2921
2924
2927
2930
2933
2936
2939
2942
2945
2948
2951
2954
2957
2960
2963
2966
2969
2972
2975
2978
2981
2984
2987
2990
2993
2996
2999
3002
3005
3008
3011
3014
3017
3020
3023
3026
3029
3032
3035
3038
3041
3044
3047
3050
3053
3056
3059
3062
3065
3068
3071
3074
3077
3080
3083
3086
3089
3092
3095
3098
3101
3104
3107
3110
3113
3116
3119
3122
3125
3128
3131
3134
3137
3140
3143
3146
3149
3152
3155
3158
3161
3164
3167
3170
3173
3176
3179
3182
3185
3188
3191
3194
3197
3200
3203
3206
3209
3212
3215
3218
3221
3224
3227
3230
3233
3236
3239
3242
3245
3248
3251
3254
3257
3260
3263
3266
3269
3272
3275
3278
3281
3284
3287
3290
3293
3296
3299
3302
3305
3308
3311
3314
3317
3320
3323
3326
3329
3332
3335
3338
3341
3344
3347
3350
3353
3356
3359
3362
3365
3368
3371
3374
3377
3380
3383
3386
3389
3392
3395
3398
3401
3404
3407
3410
3413
3416
3419
3422
3425
3428
3431
3434
3437
3440
3443
3446
3449
3452
3455
3458
3461
3464
3467
3470
3473
3476
3479
3482
3485
3488
3491
3494
3497
3500
3503
3506
3509
3512
3515
3518
3521
3524
3527
3531
3535
3539
3543
3547
3551
3555
3559
3563
3567
3571
3575
3579
3583
3587
3591
3595
3599
3603
3607
3611
3615
3619
3623
3627
3631
3635
3639
3643
3647
3651
3655
3659
3663
3667
3671
3675
3679
3683
3687
3691
3695
3699
3703
3707
3711
3715
3719
3723
3727
3731
3735
3739
3743
3747
3751
3755
3759
3763
3767
3771
3775
3779
3783
3787
3791
3795
3799
3803
3807
3811
3815
3819
3823
3827
3831
3835
3839
3843
3847
3851
3855
3859
3863
3867
3871
3875
3879
3883
3887
3891
3895
3899
3903
3907
3911
3915
3919
3923
3927
3931
3935
3939
3943
3947
3951
3955
3959
3963
3967
3971
3975
3979
3983
3987
3991
3995
3999
4003
4007
4011
4015
4019
4023
4027
4031
4035
4039
4043
4047
4051
4055
4059
4063
4067
4071
4075
4079
4083
4087
4091
4095
4099
4103
4107
4111
4115
4119
4123
4127
4131
4135
4139
4143
4147
4151
4155
4159
4163
4167
4171
4175
4179
4183
4187
4191
4195
4199
4203
4207
4211
4215
4219
4223
4227
4231
4235
4239
4243
4247
4251
4255
4259
4263
4267
4271
4275
4279
4283
4287
4291
4295
4299
4303
4307
4311
4315
4319
4323
4327
4331
4335
4339
4343
4347
4351
4355
4359
4363
4367
4371
4375
4379
4383
4387
4391
4395
4399
4403
4407
4411
4415
4419
4423
4427
4431
4435
4439
4443
4447
4451
4455
4459
4463
4467
4471
4475
4479
4483
4487
4491
4495
4499
4503
4507
4511
4515
4519
4523
4527
4531
4535
4539
4543
4547
4551
4555
4559
4563
4567
4571
4575
4579
4583
4587
4591
4595
4599
4603
4607
4611
4615
4619
4623
4627
4631
4635
4639
4643
4647
4651
4655
4659
4663
4667
4671
4675
4679
4683
4687
4691
4695
4699
4703
4707
4711
4715
4719
4723
4727
4731
4735
4739
4743
4747
4751
4755
4759
4763
4767
4771
4775
4779
4783
4787
4791
4795
4799
4803
4807
4811
4815
4819
4823
4827
4831
4835
4839
4843
4847
4851
4855
4859
4863
4867
4871
4875
4879
4883
4887
4891
4895
4899
4903
4907
4911
4915
4919
4923
4927
4931
4935
4939
4943
4947
4951
4955
4959
4963
4967
4971
4975
4979
4983
4988
4993
4998
5003
5008
5013
5018
5023
5028
5033
5038
5043
5048
5053
5058
5063
5068
5073
5078
5083
5088
5093
5098
5103
5108
5113
5118
5123
5128
5133
5138
5143
5148
5153
5158
5163
5168
5173
5178
5183
5188
5193
5198
5203
5208
5213
5218
5223
5228
5233
5238
5243
5248
5253
5258
5263
5268
5273
5278
5283
5288
5293
5298
5303
5308
5313
5318
5323
5328
5333
5338
5343
5348
5353
5358
5363
5368
5373
5378
5383
5388
5393
5398
5403
5408
5413
5418
5423
5428
5433
5438
5443
5448
5453
5458
5463
5468
5473
5478
5483
5488
5493
5498
5503
5508
5513
5518
5523
5528
5533
5538
5543
5548
5553
5558
5563
5568
5573
5578
5583
5588
5593
5598
5603
5608
5613
5618
5623
5628
5633
5638
5643
5648
5653
5658
5663
5668
5673
5678
5683
5688
5693
5698
5703
5708
5713
5718
5723
5728
5733
5738
5743
5748
5753
5758
5763
5768
5773
5778
5783
5788
5793
5798
5803
5808
5813
5818
5823
5828
5833
5838
5843
5848
5853
5858
5863
5868
5873
5878
5883
5888
5893
5898
5903
5908
5913
5918
5923
5928
5933
5938
5943
5948
5953
5958
5963
5968
5973
5978
5983
5988
5993
5998
6003
6008
6013
6018
6023
6028
6033
6038
6043
6048
6053
6058
6063
6068
6073
6078
6083
6088
6093
6098
6103
6108
6113
6118
6123
6128
6133
6138
6143
6148
6153
6158
6163
6168
6173
6178
6183
6188
6193
6198
6203
6208
6213
6218
6223
6228
6233
6238
6243
6248
6253
6258
6263
6268
6273
6278
6283
6288
6293
6298
6303
6308
6313
6318
6323
6328
6333
6338
6343
6348
6353
6358
6363
6368
6373
6378
6383
6388
6393
6398
6403
6408
6413
6418
6423
6428
6433
6439
6445
6451
6457
6463
6469
6475
6481
6487
6493
6499
6505
6511
6517
6523
6529
6535
6541
6547
6553
6559
6565
6571
6577
6583
6589
6595
6601
6607
6613
6619
6625
6631
6637
6643
6649
6655
6661
6667
6673
6679
6685
6691
6697
6703
6709
6715
6721
6727
6733
6739
6745
6751
6757
6763
6769
6775
6781
6787
6793
6799
6805
6811
6817
6823
6829
6835
6841
6847
6853
6859
6865
6871
6877
6883
6889
6895
6901
6907
6913
6919
6925
6931
6937
6943
6949
6955
6961
6967
6973
6979
6985
6991
6997
7003
7009
7015
7021
7027
7033
7039
7045
7051
7057
7063
7069
7075
7081
7087
7093
7099
7105
7111
7117
7123
7129
7135
7141
7147
7153
7159
7165
7171
7177
7183
7189
7195
7201
7207
7213
7219
7225
7231
7237
7243
7249
7255
7261
7267
7273
7279
7285
7291
7297
7303
7309
7315
7321
7327
7333
7339
7345
7351
7357
7363
7369
7375
7381
7387
7393
7399
7405
7411
7417
7423
7429
7435
7441
7447
7453
7459
7465
7471
7477
7483
7489
7495
7501
7507
7513
7519
7525
7531
7537
7543
7549
7555
7561
7567
7573
7579
7585
7591
7597
7603
7609
7615
7621
7627
7633
7639
7645
7651
7657
7663
7669
7675
7681
7687
7693
7699
7705
7711
7717
7723
7729
7735
7741
7747
7753
7759
7765
7771
7777
7783
7789
7795
7801
7807
7813
7819
7825
7831
7837
7843
7849
7855
7861
7867
7873
7879
7885
7892
7899
7906
7913
7920
7927
7934
7941
7948
7955
7962
7969
7976
7983
7990
7997
8004
8011
8018
8025
8032
8039
8046
8053
8060
8067
8074
8081
8088
8095
8102
8109
8116
8123
8130
8137
8144
8151
8158
8165
8172
8179
8186
8193
8200
8207
8214
8221
8228
8235
8242
8249
8256
8263
8270
8277
8284
8291
8298
8305
8312
8319
8326
8333
8340
8347
8354
8361
8368
8375
8382
8389
8396
8403
8410
8417
8424
8431
8438
8445
8452
8459
8466
8473
8480
8487
8494
8501
8508
8515
8522
8529
8536
8543
8550
8557
8564
8571
8578
8585
8592
8599
8606
8613
8620
8627
8634
8641
8648
8655
8662
8669
8676
8683
8690
8697
8704
8711
8718
8725
8732
8739
8746
8753
8760
8767
8774
8781
8788
8795
8802
8809
8816
8823
8830
8837
8844
8851
8858
8865
8872
8879
8886
8893
8900
8907
8914
8921
8928
8935
8942
8949
8956
8963
8970
8977
8984
8991
8998
9005
9012
9019
9026
9033
9040
9047
9054
9061
9068
9075
9082
9089
9096
9103
9110
9117
9124
9131
9138
9145
9152
9159
9166
9173
9180
9187
9194
9201
9208
9215
9222
9229
9236
9243
9250
9257
9264
9271
9278
9285
9292
9299
9306
9313
9320
9327
9334
9342
9350
9358
9366
9374
9382
9390
9398
9406
9414
9422
9430
9438
9446
9454
9462
9470
9478
9486
9494
9502
9510
9518
9526
9534
9542
9550
9558
9566
9574
9582
9590
9598
9606
9614
9622
9630
9638
9646
9654
9662
9670
9678
9686
9694
9702
9710
9718
9726
9734
9742
9750
9758
9766
9774
9782
9790
9798
9806
9814
9822
9830
9838
9846
9854
9862
9870
9878
9886
9894
9902
9910
9918
9926
9934
9942
9950
9958
9966
9974
9982
9990
9998
10006
10014
10022
10030
10038
10046
10054
10062
10070
10078
10086
10094
10102
10110
10118
10126
10134
10142
10150
10158
10166
10174
10182
10190
10198
10206
10214
10222
10230
10238
10246
10254
10262
10270
10278
10286
10294
10302
10310
10318
10326
10334
10342
10350
10358
10366
10374
10382
10390
10398
10406
10414
10422
10430
10438
10446
10454
10462
10470
10478
10486
10494
10502
10510
10518
10526
10534
10542
10550
10558
10566
10574
10582
10590
10598
10606
10614
10622
10630
10638
10646
10654
10662
10670
10678
10686
10694
10702
10710
10718
10726
10734
10742
10750
10758
10766
10774
10782
10791
10800
10809
10818
10827
10836
10845
10854
10863
10872
10881
10890
10899
10908
10917
10926
10935
10944
10953
10962
10971
10980
10989
10998
11007
11016
11025
11034
11043
11052
11061
11070
11079
11088
11097
11106
11115
11124
11133
11142
11151
11160
11169
11178
11187
11196
11205
11214
11223
11232
11241
11250
11259
11268
11277
11286
11295
11304
11313
11322
11331
11340
11349
11358
11367
11376
11385
11394
11403
11412
11421
11430
11439
11448
11457
11466
11475
11484
11493
11502
11511
11520
11529
11538
11547
11556
11565
11574
11583
11592
11601
11610
11619
11628
11637
11646
11655
11664
11673
11682
11691
11700
11709
11718
11727
11736
11745
11754
11763
11772
11781
11790
11799
11808
11817
11826
11835
11844
11853
11862
11871
11880
11889
11898
11907
11916
11925
11934
11943
11952
11961
11970
11979
11988
11997
12006
12015
12024
12033
12042
12051
12060
12069
12078
12087
12096
12105
12114
12123
12132
12141
12150
12159
12168
12177
12186
12195
12204
12213
12222
12231
12241
12251
12261
12271
12281
12291
12301
12311
12321
12331
12341
12351
12361
12371
12381
12391
12401
12411
12421
12431
12441
12451
12461
12471
12481
12491
12501
12511
12521
12531
12541
12551
12561
12571
12581
12591
12601
12611
12621
12631
12641
12651
12661
12671
12681
12691
12701
12711
12721
12731
12741
12751
12761
12771
12781
12791
12801
12811
12821
12831
12841
12851
12861
12871
12881
12891
12901
12911
12921
12931
12941
12951
12961
12971
12981
12991
13001
13011
13021
13031
13041
13051
13061
13071
13081
13091
13101
13111
13121
13131
13141
13151
13161
13171
13181
13191
13201
13211
13221
13231
13241
13251
13261
13271
13281
13291
13301
13311
13321
13331
13341
13351
13361
13371
13381
13391
13401
13411
13421
13431
13441
13451
13461
13471
13481
13491
13501
13511
13521
13531
13541
13551
13561
13571
13581
13591
13601
13611
13621
13631
13641
13651
13661
13671
13681
13692
13703
13714
13725
13736
13747
13758
13769
13780
13791
13802
13813
13824
13835
13846
13857
13868
13879
13890
13901
13912
13923
13934
13945
13956
13967
13978
13989
14000
14011
14022
14033
14044
14055
14066
14077
14088
14099
14110
14121
14132
14143
14154
14165
14176
14187
14198
14209
14220
14231
14242
14253
14264
14275
14286
14297
14308
14319
14330
14341
14352
14363
14374
14385
14396
14407
14418
14429
14440
14451
14462
14473
14484
14495
14506
14517
14528
14539
14550
14561
14572
14583
14594
14605
14616
14627
14638
14649
14660
14671
14682
14693
14704
14715
14726
14737
14748
14759
14770
14781
14792
14803
14814
14825
14836
14847
14858
14869
14880
14891
14902
14913
14924
14935
14946
14957
14968
14979
14990
15001
15012
15023
15034
15045
15056
15067
15078
15089
15100
15111
15122
15133
15145
15157
15169
15181
15193
15205
15217
15229
15241
15253
15265
15277
15289
15301
15313
15325
15337
15349
15361
15373
15385
15397
15409
15421
15433
15445
15457
15469
15481
15493
15505
15517
15529
15541
15553
15565
15577
15589
15601
15613
15625
15637
15649
15661
15673
15685
15697
15709
15721
15733
15745
15757
15769
15781
15793
15805
15817
15829
15841
15853
15865
15877
15889
15901
15913
15925
15937
15949
15961
15973
15985
15997
16009
16021
16033
16045
16057
16069
16081
16093
16105
16117
16129
16141
16153
16165
16177
16189
16201
16213
16225
16237
16249
16261
16273
16285
16297
16309
16321
16333
16345
16357
16369
16381
16393
16405
16417
16429
16441
16453
16465
16477
16489
16501
16513
16525
16537
16549
16561
16573
16585
16598
16611
16624
16637
16650
16663
16676
16689
16702
16715
16728
16741
16754
16767
16780
16793
16806
16819
16832
16845
16858
16871
16884
16897
16910
16923
16936
16949
16962
16975
16988
17001
17014
17027
17040
17053
17066
17079
17092
17105
17118
17131
17144
17157
17170
17183
17196
17209
17222
17235
17248
17261
17274
17287
17300
17313
17326
17339
17352
17365
17378
17391
17404
17417
17430
17443
17456
17469
17482
17495
17508
17521
17534
17547
17560
17573
17586
17599
17612
17625
17638
17651
17664
17677
17690
17703
17716
17729
17742
17755
17768
17781
17794
17807
17820
17833
17846
17859
17872
17885
17898
17911
17924
17937
17950
17963
17976
17989
18002
18015
18028
18042
18056
18070
18084
18098
18112
18126
18140
18154
18168
18182
18196
18210
18224
18238
18252
18266
18280
18294
18308
18322
18336
18350
18364
18378
18392
18406
18420
18434
18448
18462
18476
18490
18504
18518
18532
18546
18560
18574
18588
18602
18616
18630
18644
18658
18672
18686
18700
18714
18728
18742
18756
18770
18784
18798
18812
18826
18840
18854
18868
18882
18896
18910
18924
18938
18952
18966
18980
18994
19008
19022
19036
19050
19064
19078
19092
19106
19120
19134
19148
19162
19176
19190
19204
19218
19232
19246
19260
19274
19288
19302
19316
19330
19344
19358
19372
19386
19400
19414
19428
19442
19456
19470
19485
19500
19515
19530
19545
19560
19575
19590
19605
19620
19635
19650
19665
19680
19695
19710
19725
19740
19755
19770
19785
19800
19815
19830
19845
19860
19875
19890
19905
19920
19935
19950
19965
19980
19995
20010
20025
20040
20055
20070
20085
20100
20115
20130
20145
20160
20175
20190
20205
20220
20235
20250
20265
20280
20295
20310
20325
20340
20355
20370
20385
20400
20415
20430
20445
20460
20475
20490
20505
20520
20535
20550
20565
20580
20595
20610
20625
20640
20655
20670
20685
20700
20715
20730
20745
20760
20775
20790
20805
20820
20835
20850
20865
20880
20895
20910
20925
20941
20957
20973
20989
21005
21021
21037
21053
21069
21085
21101
21117
21133
21149
21165
21181
21197
21213
21229
21245
21261
21277
21293
21309
21325
21341
21357
21373
21389
21405
21421
21437
21453
21469
21485
21501
21517
21533
21549
21565
21581
21597
21613
21629
21645
21661
21677
21693
21709
21725
21741
21757
21773
21789
21805
21821
21837
21853
21869
21885
21901
21917
21933
21949
21965
21981
21997
22013
22029
22045
22061
22077
22093
22109
22125
22141
22157
22173
22189
22205
22221
22237
22253
22269
22285
22301
22317
22333
22349
22365
22382
22399
22416
22433
22450
22467
22484
22501
22518
22535
22552
22569
22586
22603
22620
22637
22654
22671
22688
22705
22722
22739
22756
22773
22790
22807
22824
22841
22858
22875
22892
22909
22926
22943
22960
22977
22994
23011
23028
23045
23062
23079
23096
23113
23130
23147
23164
23181
23198
23215
23232
23249
23266
23283
23300
23317
23334
23351
23368
23385
23402
23419
23436
23453
23470
23487
23504
23521
23538
23555
23572
23589
23606
23623
23640
23657
23674
23691
23708
23725
23742
23759
23776
23793
23810
23827
23845
23863
23881
23899
23917
23935
23953
23971
23989
24007
24025
24043
24061
24079
24097
24115
24133
24151
24169
24187
24205
24223
24241
24259
24277
24295
24313
24331
24349
24367
24385
24403
24421
24439
24457
24475
24493
24511
24529
24547
24565
24583
24601
24619
24637
24655
24673
24691
24709
24727
24745
24763
24781
24799
24817
24835
24853
24871
24889
24907
24925
24943
24961
24979
24997
25015
25033
25051
25069
25087
25105
25123
25141
25159
25177
25195
25213
25231
25249
25267
25286
25305
25324
25343
25362
25381
25400
25419
25438
25457
25476
25495
25514
25533
25552
25571
25590
25609
25628
25647
25666
25685
25704
25723
25742
25761
25780
25799
25818
25837
25856
25875
25894
25913
25932
25951
25970
25989
26008
26027
26046
26065
26084
26103
26122
26141
26160
26179
26198
26217
26236
26255
26274
26293
26312
26331
26350
26369
26388
26407
26426
26445
26464
26483
26502
26521
26540
26559
26578
26597
26616
26635
26654
26673
26692
26711
26731
26751
26771
26791
26811
26831
26851
26871
26891
26911
26931
26951
26971
26991
27011
27031
27051
27071
27091
27111
27131
27151
27171
27191
27211
27231
27251
27271
27291
27311
27331
27351
27371
27391
27411
27431
27451
27471
27491
27511
27531
27551
27571
27591
27611
27631
27651
27671
27691
27711
27731
27751
27771
27791
27811
27831
27851
27871
27891
27911
27931
27951
27971
27991
28011
28031
28051
28071
28091
28111
28131
28151
28171
28192
28213
28234
28255
28276
28297
28318
28339
28360
28381
28402
28423
28444
28465
28486
28507
28528
28549
28570
28591
28612
28633
28654
28675
28696
28717
28738
28759
28780
28801
28822
28843
28864
28885
28906
28927
28948
28969
28990
29011
29032
29053
29074
29095
29116
29137
29158
29179
29200
29221
29242
29263
29284
29305
29326
29347
29368
29389
29410
29431
29452
29473
29494
29515
29536
29557
29578
29599
29620
29642
29664
29686
29708
29730
29752
29774
29796
29818
29840
29862
29884
29906
29928
29950
29972
29994
30016
30038
30060
30082
30104
30126
30148
30170
30192
30214
30236
30258
30280
30302
30324
30346
30368
30390
30412
30434
30456
30478
30500
30522
30544
30566
30588
30610
30632
30654
30676
30698
30720
30742
30764
30786
30808
30830
30852
30874
30896
30918
30940
30962
30984
31006
31028
31050
31073
31096
31119
31142
31165
31188
31211
31234
31257
31280
31303
31326
31349
31372
31395
31418
31441
31464
31487
31510
31533
31556
31579
31602
31625
31648
31671
31694
31717
31740
31763
31786
31809
31832
31855
31878
31901
31924
31947
31970
31993
32016
32039
32062
32085
32108
32131
32154
32177
32200
32223
32246
32269
32292
32315
32338
32361
32384
32407
32430
32453
32476
32499
32523
32547
32571
32595
32619
32643
32667
32691
32715
32739
32763
32787
32811
32835
32859
32883
32907
32931
32955
32979
33003
33027
33051
33075
33099
33123
33147
33171
33195
33219
33243
33267
33291
33315
33339
33363
33387
33411
33435
33459
33483
33507
33531
33555
33579
33603
33627
33651
33675
33699
33723
33747
33771
33795
33819
33843
33867
33891
33915
33939
33963
33988
34013
34038
34063
34088
34113
34138
34163
34188
34213
34238
34263
34288
34313
34338
34363
34388
34413
34438
34463
34488
34513
34538
34563
34588
34613
34638
34663
34688
34713
34738
34763
34788
34813
34838
34863
34888
34913
34938
34963
34988
35013
35038
35063
35088
35113
35138
35163
35188
35213
35238
35263
35288
35313
35338
35363
35388
35414
35440
35466
35492
35518
35544
35570
35596
35622
35648
35674
35700
35726
35752
35778
35804
35830
35856
35882
35908
35934
35960
35986
36012
36038
36064
36090
36116
36142
36168
36194
36220
36246
36272
36298
36324
36350
36376
36402
36428
36454
36480
36506
36532
36558
36584
36610
36636
36662
36688
36714
36740
36766
36792
36818
36844
36871
36898
36925
36952
36979
37006
37033
37060
37087
37114
37141
37168
37195
37222
37249
37276
37303
37330
37357
37384
37411
37438
37465
37492
37519
37546
37573
37600
37627
37654
37681
37708
37735
37762
37789
37816
37843
37870
37897
37924
37951
37978
38005
38032
38059
38086
38113
38140
38167
38194
38221
38248
38275
38302
38330
38358
38386
38414
38442
38470
38498
38526
38554
38582
38610
38638
38666
38694
38722
38750
38778
38806
38834
38862
38890
38918
38946
38974
39002
39030
39058
39086
39114
39142
39170
39198
39226
39254
39282
39310
39338
39366
39394
39422
39450
39478
39506
39534
39562
39590
39618
39646
39674
39702
39730
39759
39788
39817
39846
39875
39904
39933
39962
39991
40020
40049
40078
40107
40136
40165
40194
40223
40252
40281
40310
40339
40368
40397
40426
40455
40484
40513
40542
40571
40600
40629
40658
40687
40716
40745
40774
40803
40832
40861
40890
40919
40948
40977
41006
41035
41064
41093
41122
41151
41180
41210
41240
41270
41300
41330
41360
41390
41420
41450
41480
41510
41540
41570
41600
41630
41660
41690
41720
41750
41780
41810
41840
41870
41900
41930
41960
41990
42020
42050
42080
42110
42140
42170
42200
42230
42260
42290
42320
42350
42380
42410
42440
42470
42500
42530
42560
42590
42620
42650
42681
42712
42743
42774
42805
42836
42867
42898
42929
42960
42991
43022
43053
43084
43115
43146
43177
43208
43239
43270
43301
43332
43363
43394
43425
43456
43487
43518
43549
43580
43611
43642
43673
43704
43735
43766
43797
43828
43859
43890
43921
43952
43983
44014
44045
44076
44108
44140
44172
44204
44236
44268
44300
44332
44364
44396
44428
44460
44492
44524
44556
44588
44620
44652
44684
44716
44748
44780
44812
44844
44876
44908
44940
44972
45004
45036
45068
45100
45132
45164
45196
45228
45260
45292
45324
45356
45388
45420
45452
45484
45516
45548
45581
45614
45647
45680
45713
45746
45779
45812
45845
45878
45911
45944
45977
46010
46043
46076
46109
46142
46175
46208
46241
46274
46307
46340
46373
46406
46439
46472
46505
46538
46571
46604
46637
46670
46703
46736
46769
46802
46835
46868
46901
46934
46967
47001
47035
47069
47103
47137
47171
47205
47239
47273
47307
47341
47375
47409
47443
47477
47511
47545
47579
47613
47647
47681
47715
47749
47783
47817
47851
47885
47919
47953
47987
48021
48055
48089
48123
48157
48191
48225
48259
48293
48327
48361
48395
48429
48464
48499
48534
48569
48604
48639
48674
48709
48744
48779
48814
48849
48884
48919
48954
48989
49024
49059
49094
49129
49164
49199
49234
49269
49304
49339
49374
49409
49444
49479
49514
49549
49584
49619
49654
49689
49724
49759
49794
49829
49864
49900
49936
49972
50008
50044
50080
50116
50152
50188
50224
50260
50296
50332
50368
50404
50440
50476
50512
50548
50584
50620
50656
50692
50728
50764
50800
50836
50872
50908
50944
50980
51016
51052
51088
51124
51160
51196
51232
51268
51304
51340
51377
51414
51451
51488
51525
51562
51599
51636
51673
51710
51747
51784
51821
51858
51895
51932
51969
52006
52043
52080
52117
52154
52191
52228
52265
52302
52339
52376
52413
52450
52487
52524
52561
52598
52635
52672
52709
52746
52783
52821
52859
52897
52935
52973
53011
53049
53087
53125
53163
53201
53239
53277
53315
53353
53391
53429
53467
53505
53543
53581
53619
53657
53695
53733
53771
53809
53847
53885
53923
53961
53999
54037
54075
54113
54151
54189
54227
54266
54305
54344
54383
54422
54461
54500
54539
54578
54617
54656
54695
54734
54773
54812
54851
54890
54929
54968
55007
55046
55085
55124
55163
55202
55241
55280
55319
55358
55397
55436
55475
55514
55553
55592
55631
55670
55710
55750
55790
55830
55870
55910
55950
55990
56030
56070
56110
56150
56190
56230
56270
56310
56350
56390
56430
56470
56510
56550
56590
56630
56670
56710
56750
56790
56830
56870
56910
56950
56990
57030
57070
57110
57151
57192
57233
57274
57315
57356
57397
57438
57479
57520
57561
57602
57643
57684
57725
57766
57807
57848
57889
57930
57971
58012
58053
58094
58135
58176
58217
58258
58299
58340
58381
58422
58463
58504
58545
58587
58629
58671
58713
58755
58797
58839
58881
58923
58965
59007
59049
59091
59133
59175
59217
59259
59301
59343
59385
59427
59469
59511
59553
59595
59637
59679
59721
59763
59805
59847
59889
59931
59973
60015
60058
60101
60144
60187
60230
60273
60316
60359
60402
60445
60488
60531
60574
60617
60660
60703
60746
60789
60832
60875
60918
60961
61004
61047
61090
61133
61176
61219
61262
61305
61348
61391
61434
61477
61521
61565
61609
61653
61697
61741
61785
61829
61873
61917
61961
62005
62049
62093
62137
62181
62225
62269
62313
62357
62401
62445
62489
62533
62577
62621
62665
62709
62753
62797
62841
62885
62930
62975
63020
63065
63110
63155
63200
63245
63290
63335
63380
63425
63470
63515
63560
63605
63650
63695
63740
63785
63830
63875
63920
63965
64010
64055
64100
64145
64190
64235
64280
64325
64370
64416
64462
64508
64554
64600
64646
64692
64738
64784
64830
64876
64922
64968
65014
65060
65106
65152
65198
65244
65290
65336
65382
65428
65474
65520
65566
65612
65658
65704
65750
65796
65843
65890
65937
65984
66031
66078
66125
66172
66219
66266
66313
66360
66407
66454
66501
66548
66595
66642
66689
66736
66783
66830
66877
66924
66971
67018
67065
67112
67159
67206
67253
67301
67349
67397
67445
67493
67541
67589
67637
67685
67733
67781
67829
67877
67925
67973
68021
68069
68117
68165
68213
68261
68309
68357
68405
68453
68501
68549
68597
68645
68693
68742
68791
68840
68889
68938
68987
69036
69085
69134
69183
69232
69281
69330
69379
69428
69477
69526
69575
69624
69673
69722
69771
69820
69869
69918
69967
70016
70065
70114
70163
70213
70263
70313
70363
70413
70463
70513
70563
70613
70663
70713
70763
70813
70863
70913
70963
71013
71063
71113
71163
71213
71263
71313
71363
71413
71463
71513
71563
71613
71664
71715
71766
71817
71868
71919
71970
72021
72072
72123
72174
72225
72276
72327
72378
72429
72480
72531
72582
72633
72684
72735
72786
72837
72888
72939
72990
73041
73093
73145
73197
73249
73301
73353
73405
73457
73509
73561
73613
73665
73717
73769
73821
73873
73925
73977
74029
74081
74133
74185
74237
74289
74341
74393
74445
74497
74550
74603
74656
74709
74762
74815
74868
74921
74974
75027
75080
75133
75186
75239
75292
75345
75398
75451
75504
75557
75610
75663
75716
75769
75822
75875
75928
75982
76036
76090
76144
76198
76252
76306
76360
76414
76468
76522
76576
76630
76684
76738
76792
76846
76900
76954
77008
77062
77116
77170
77224
77278
77332
77386
77441
77496
77551
77606
77661
77716
77771
77826
77881
77936
77991
78046
78101
78156
78211
78266
78321
78376
78431
78486
78541
78596
78651
78706
78761
78816
78872
78928
78984
79040
79096
79152
79208
79264
79320
79376
79432
79488
79544
79600
79656
79712
79768
79824
79880
79936
79992
80048
80104
80160
80216
80272
80329
80386
80443
80500
80557
80614
80671
80728
80785
80842
80899
80956
81013
81070
81127
81184
81241
81298
81355
81412
81469
81526
81583
81640
81697
81755
81813
81871
81929
81987
82045
82103
82161
82219
82277
82335
82393
82451
82509
82567
82625
82683
82741
82799
82857
82915
82973
83031
83089
83147
83206
83265
83324
83383
83442
83501
83560
83619
83678
83737
83796
83855
83914
83973
84032
84091
84150
84209
84268
84327
84386
84445
84504
84563
84622
84682
84742
84802
84862
84922
84982
85042
85102
85162
85222
85282
85342
85402
85462
85522
85582
85642
85702
85762
85822
85882
85942
86002
86062
86123
86184
86245
86306
86367
86428
86489
86550
86611
86672
86733
86794
86855
86916
86977
87038
87099
87160
87221
87282
87343
87404
87465
87526
87588
87650
87712
87774
87836
87898
87960
88022
88084
88146
88208
88270
88332
88394
88456
88518
88580
88642
88704
88766
88828
88890
88952
89015
89078
89141
89204
89267
89330
89393
89456
89519
89582
89645
89708
89771
89834
89897
89960
90023
90086
90149
90212
90275
90338
90401
90465
90529
90593
90657
90721
90785
90849
90913
90977
91041
91105
91169
91233
91297
91361
91425
91489
91553
91617
91681
91745
91809
91873
91938
92003
92068
92133
92198
92263
92328
92393
92458
92523
92588
92653
92718
92783
92848
92913
92978
93043
93108
93173
93238
93303
93369
93435
93501
93567
93633
93699
93765
93831
93897
93963
94029
94095
94161
94227
94293
94359
94425
94491
94557
94623
94689
94755
94822
94889
94956
95023
95090
95157
95224
95291
95358
95425
95492
95559
95626
95693
95760
95827
95894
95961
96028
96095
96162
96229
96297
96365
96433
96501
96569
96637
96705
96773
96841
96909
96977
97045
97113
97181
97249
97317
97385
97453
97521
97589
97657
97726
97795
97864
97933
98002
98071
98140
98209
98278
98347
98416
98485
98554
98623
98692
98761
98830
98899
98968
99037
99106
99176
99246
99316
99386
99456
99526
99596
99666
99736
99806
99876
99946
100016
100086
100156
100226
100296
100366
100436
100506
100576
100647
100718
100789
100860
100931
101002
101073
101144
101215
101286
101357
101428
101499
101570
101641
101712
101783
101854
101925
101996
102068
102140
102212
102284
102356
102428
102500
102572
102644
102716
102788
102860
102932
103004
103076
103148
103220
103292
103364
103436
103509
103582
103655
103728
103801
103874
103947
104020
104093
104166
104239
104312
104385
104458
104531
104604
104677
104750
104823
104896
104970
105044
105118
105192
105266
105340
105414
105488
105562
105636
105710
105784
105858
105932
106006
106080
106154
106228
106302
106377
106452
106527
106602
106677
106752
106827
106902
106977
107052
107127
107202
107277
107352
107427
107502
107577
107652
107727
107802
107878
107954
108030
108106
108182
108258
108334
108410
108486
108562
108638
108714
108790
108866
108942
109018
109094
109170
109246
109323
109400
109477
109554
109631
109708
109785
109862
109939
110016
110093
110170
110247
110324
110401
110478
110555
110632
110709
110787
110865
110943
111021
111099
111177
111255
111333
111411
111489
111567
111645
111723
111801
111879
111957
112035
112113
112192
112271
112350
112429
112508
112587
112666
112745
112824
112903
112982
113061
113140
113219
113298
113377
113456
113535
113615
113695
113775
113855
113935
114015
114095
114175
114255
114335
114415
114495
114575
114655
114735
114815
114895
114975
115055
115136
115217
115298
115379
115460
115541
115622
115703
115784
115865
115946
116027
116108
116189
116270
116351
116432
116514
116596
116678
116760
116842
116924
117006
117088
117170
117252
117334
117416
117498
117580
117662
117744
117826
117908
117991
118074
118157
118240
118323
118406
118489
118572
118655
118738
118821
118904
118987
119070
119153
119236
119319
119403
119487
119571
119655
119739
119823
119907
119991
120075
120159
120243
120327
120411
120495
120579
120663
120747
120831
120916
121001
121086
121171
121256
121341
121426
121511
121596
121681
121766
121851
121936
122021
122106
122191
122276
122362
122448
122534
122620
122706
122792
122878
122964
123050
123136
123222
123308
123394
123480
123566
123652
123738
123825
123912
123999
124086
124173
124260
124347
124434
124521
124608
124695
124782
124869
124956
125043
125130
125218
125306
125394
125482
125570
125658
125746
125834
125922
126010
126098
126186
126274
126362
126450
126538
126626
126715
126804
126893
126982
127071
127160
127249
127338
127427
127516
127605
127694
127783
127872
127961
128050
128140
128230
128320
128410
128500
128590
128680
128770
128860
128950
129040
129130
129220
129310
129400
129490
129581
129672
129763
129854
129945
130036
130127
130218
130309
130400
130491
130582
130673
130764
130855
130946
131038
131130
131222
131314
131406
131498
131590
131682
131774
131866
131958
132050
132142
132234
132326
132418
132511
132604
132697
132790
132883
132976
133069
133162
133255
133348
133441
133534
133627
133720
133813
133907
134001
134095
134189
134283
134377
134471
134565
134659
134753
134847
134941
135035
135129
135223
135317
135412
135507
135602
135697
135792
135887
135982
136077
136172
136267
136362
136457
136552
136647
136742
136838
136934
137030
137126
137222
137318
137414
137510
137606
137702
137798
137894
137990
138086
138182
138279
138376
138473
138570
138667
138764
138861
138958
139055
139152
139249
139346
139443
139540
139637
139735
139833
139931
140029
140127
140225
140323
140421
140519
140617
140715
140813
140911
141009
141107
141206
141305
141404
141503
141602
141701
141800
141899
141998
142097
142196
142295
142394
142493
142593
142693
142793
142893
142993
143093
143193
143293
143393
143493
143593
143693
143793
143893
143993
144094
144195
144296
144397
144498
144599
144700
144801
144902
145003
145104
145205
145306
145407
145509
145611
145713
145815
145917
146019
146121
146223
146325
146427
146529
146631
146733
146835
146938
147041
147144
147247
147350
147453
147556
147659
147762
147865
147968
148071
148174
148277
148381
148485
148589
148693
148797
148901
149005
149109
149213
149317
149421
149525
149629
149733
149838
149943
150048
150153
150258
150363
150468
150573
150678
150783
150888
150993
151098
151203
151309
151415
151521
151627
151733
151839
151945
152051
152157
152263
152369
152475
152581
152687
152794
152901
153008
153115
153222
153329
153436
153543
153650
153757
153864
153971
154078
154186
154294
154402
154510
154618
154726
154834
154942
155050
155158
155266
155374
155482
155590
155699
155808
155917
156026
156135
156244
156353
156462
156571
156680
156789
156898
157007
157117
157227
157337
157447
157557
157667
157777
157887
157997
158107
158217
158327
158437
158548
158659
158770
158881
158992
159103
159214
159325
159436
159547
159658
159769
159880
159992
160104
160216
160328
160440
160552
160664
160776
160888
161000
161112
161224
161336
161449
161562
161675
161788
161901
162014
162127
162240
162353
162466
162579
162692
162805
162919
163033
163147
163261
163375
163489
163603
163717
163831
163945
164059
164173
164288
164403
164518
164633
164748
164863
164978
165093
165208
165323
165438
165553
165668
165784
165900
166016
166132
166248
166364
166480
166596
166712
166828
166944
167060
167176
167293
167410
167527
167644
167761
167878
167995
168112
168229
168346
168463
168580
168698
168816
168934
169052
169170
169288
169406
169524
169642
169760
169878
169996
170115
170234
170353
170472
170591
170710
170829
170948
171067
171186
171305
171424
171544
171664
171784
171904
172024
172144
172264
172384
172504
172624
172744
172864
172985
173106
173227
173348
173469
173590
173711
173832
173953
174074
174195
174316
174438
174560
174682
174804
174926
175048
175170
175292
175414
175536
175658
175780
175903
176026
176149
176272
176395
176518
176641
176764
176887
177010
177133
177256
177380
177504
177628
177752
177876
178000
178124
178248
178372
178496
178620
178744
178869
178994
179119
179244
179369
179494
179619
179744
179869
179994
180119
180245
180371
180497
180623
180749
180875
181001
181127
181253
181379
181505
181631
181758
181885
182012
182139
182266
182393
182520
182647
182774
182901
183028
183156
183284
183412
183540
183668
183796
183924
184052
184180
184308
184436
184565
184694
184823
184952
185081
185210
185339
185468
185597
185726
185855
185984
186114
186244
186374
186504
186634
186764
186894
187024
187154
187284
187414
187545
187676
187807
187938
188069
188200
188331
188462
188593
188724
188855
188987
189119
189251
189383
189515
189647
189779
189911
190043
190175
190307
190440
190573
190706
190839
190972
191105
191238
191371
191504
191637
191770
191904
192038
192172
192306
192440
192574
192708
192842
192976
193110
193244
193379
193514
193649
193784
193919
194054
194189
194324
194459
194594
194730
194866
195002
195138
195274
195410
195546
195682
195818
195954
196090
196227
196364
196501
196638
196775
196912
197049
197186
197323
197460
197598
197736
197874
198012
198150
198288
198426
198564
198702
198840
198978
199117
199256
199395
199534
199673
199812
199951
200090
200229
200368
200508
200648
200788
200928
201068
201208
201348
201488
201628
201768
201908
202049
202190
202331
202472
202613
202754
202895
203036
203177
203318
203460
203602
203744
203886
204028
204170
204312
204454
204596
204738
204881
205024
205167
205310
205453
205596
205739
205882
206025
206168
206312
206456
206600
206744
206888
207032
207176
207320
207464
207608
207753
207898
208043
208188
208333
208478
208623
208768
208913
209058
209204
209350
209496
209642
209788
209934
210080
210226
210372
210518
210665
210812
210959
211106
211253
211400
211547
211694
211841
211988
212136
212284
212432
212580
212728
212876
213024
213172
213320
213468
213617
213766
213915
214064
214213
214362
214511
214660
214809
214958
215108
215258
215408
215558
215708
215858
216008
216158
216308
216459
216610
216761
216912
217063
217214
217365
217516
217667
217818
217970
218122
218274
218426
218578
218730
218882
219034
219186
219339
219492
219645
219798
219951
220104
220257
220410
220563
220716
220870
221024
221178
221332
221486
221640
221794
221948
222102
222257
222412
222567
222722
222877
223032
223187
223342
223497
223652
223808
223964
224120
224276
224432
224588
224744
224900
225056
225213
225370
225527
225684
225841
225998
226155
226312
226469
226627
226785
226943
227101
227259
227417
227575
227733
227891
228050
228209
228368
228527
228686
228845
229004
229163
229322
229482
229642
229802
229962
230122
230282
230442
230602
230762
230923
231084
231245
231406
231567
231728
231889
232050
232211
232373
232535
232697
232859
233021
233183
233345
233507
233669
233832
233995
234158
234321
234484
234647
234810
234973
235136
235300
235464
235628
235792
235956
236120
236284
236448
236612
236777
236942
237107
237272
237437
237602
237767
237932
238097
238263
238429
238595
238761
238927
239093
239259
239425
239592
239759
239926
240093
240260
240427
240594
240761
240928
241096
241264
241432
241600
241768
241936
242104
242272
242440
242609
242778
242947
243116
243285
243454
243623
243792
243962
244132
244302
244472
244642
244812
244982
245152
245322
245493
245664
245835
246006
246177
246348
246519
246690
246862
247034
247206
247378
247550
247722
247894
248066
248238
248411
248584
248757
248930
249103
249276
249449
249622
249796
249970
250144
250318
250492
250666
250840
251014
251189
251364
251539
251714
251889
252064
252239
252414
252589
252765
252941
253117
253293
253469
253645
253821
253997
254174
254351
254528
254705
254882
255059
255236
255413
255591
255769
255947
256125
256303
256481
256659
256837
257016
257195
257374
257553
257732
257911
258090
258269
258449
258629
258809
258989
259169
259349
259529
259709
259890
260071
260252
260433
260614
260795
260976
261157
261339
261521
261703
261885
262067
262249
262431
262613
262796
262979
263162
263345
263528
263711
263894
264077
264261
264445
264629
264813
264997
265181
265365
265549
265734
265919
266104
266289
266474
266659
266844
267029
267215
267401
267587
267773
267959
268145
268331
268517
268704
268891
269078
269265
269452
269639
269826
270014
270202
270390
270578
270766
270954
271142
271330
271519
271708
271897
272086
272275
272464
272653
272842
273032
273222
273412
273602
273792
273982
274172
274363
274554
274745
274936
275127
275318
275509
275700
275892
276084
276276
276468
276660
276852
277044
277236
277429
277622
277815
278008
278201
278394
278587
278781
278975
279169
279363
279557
279751
279945
280140
280335
280530
280725
280920
281115
281310
281505
281701
281897
282093
282289
282485
282681
282877
283074
283271
283468
283665
283862
284059
284256
284453
284651
284849
285047
285245
285443
285641
285839
286038
286237
286436
286635
286834
287033
287232
287432
287632
287832
288032
288232
288432
288632
288833
289034
289235
289436
289637
289838
290039
290240
290442
290644
290846
291048
291250
291452
291654
291857
292060
292263
292466
292669
292872
293075
293279
293483
293687
293891
294095
294299
294503
294708
294913
295118
295323
295528
295733
295938
296144
296350
296556
296762
296968
297174
297380
297587
297794
298001
298208
298415
298622
298829
299037
299245
299453
299661
299869
300077
300285
300494
300703
300912
301121
301330
301539
301748
301958
302168
302378
302588
302798
303008
303218
303429
303640
303851
304062
304273
304484
304695
304907
305119
305331
305543
305755
305967
306179
306392
306605
306818
307031
307244
307457
307671
307885
308099
308313
308527
308741
308955
309170
309385
309600
309815
310030
310245
310460
310676
310892
311108
311324
311540
311756
311972
312189
312406
312623
312840
313057
313274
313492
313710
313928
314146
314364
314582
314800
315019
315238
315457
315676
315895
316114
316333
316553
316773
316993
317213
317433
317653
317874
318095
318316
318537
318758
318979
319200
319422
319644
319866
320088
320310
320532
320755
320978
321201
321424
321647
321870
322093
322317
322541
322765
322989
323213
323437
323662
323887
324112
324337
324562
324787
325012
325238
325464
325690
325916
326142
326368
326595
326822
327049
327276
327503
327730
327958
328186
328414
328642
328870
329098
329326
329555
329784
330013
330242
330471
330700
330930
331160
331390
331620
331850
332080
332311
332542
332773
333004
333235
333466
333697
333929
334161
334393
334625
334857
335089
335322
335555
335788
336021
336254
336487
336721
336955
337189
337423
337657
337891
338126
338361
338596
338831
339066
339301
339537
339773
340009
340245
340481
340717
340954
341191
341428
341665
341902
342139
342376
342614
342852
343090
343328
343566
343804
344043
344282
344521
344760
344999
345238
345478
345718
345958
346198
346438
346678
346919
347160
347401
347642
347883
348124
348366
348608
348850
349092
349334
349576
349819
350062
350305
350548
350791
351034
351278
351522
351766
352010
352254
352498
352743
352988
353233
353478
353723
353968
354214
354460
354706
354952
355198
355445
355692
355939
356186
356433
356680
356928
357176
357424
357672
357920
358168
358417
358666
358915
359164
359413
359662
359912
360162
360412
360662
360912
361162
361413
361664
361915
362166
362417
362669
362921
363173
363425
363677
363929
364182
364435
364688
364941
365194
365447
365701
365955
366209
366463
366717
366971
367226
367481
367736
367991
368246
368502
368758
369014
369270
369526
369782
370039
370296
370553
370810
371067
371324
371582
371840
372098
372356
372614
372873
373132
373391
373650
373909
374168
374428
374688
374948
375208
375468
375729
375990
376251
376512
376773
377034
377296
377558
377820
378082
378344
378607
378870
379133
379396
379659
379922
380186
380450
380714
380978
381242
381507
381772
382037
382302
382567
382832
383098
383364
383630
383896
384162
384429
384696
384963
385230
385497
385764
386032
386300
386568
386836
387104
387373
387642
387911
388180
388449
388718
388988
389258
389528
389798
390068
390339
390610
390881
391152
391423
391695
391967
392239
392511
392783
393055
393328
393601
393874
394147
394420
394694
394968
395242
395516
395790
396065
396340
396615
396890
397165
397441
397717
397993
398269
398545
398821
399098
399375
399652
399929
400206
400484
400762
401040
401318
401596
401875
402154
402433
402712
402991
403271
403551
403831
404111
404391
404672
404953
405234
405515
405796
406077
406359
406641
406923
407205
407487
407770
408053
408336
408619
408902
409186
409470
409754
410038
410322
410607
410892
411177
411462
411747
412033
412319
412605
412891
413177
413464
413751
414038
414325
414612
414900
415188
415476
415764
416052
416341
416630
416919
417208
417497
417787
418077
418367
418657
418947
419238
419529
419820
420111
420402
420694
420986
421278
421570
421862
422155
422448
422741
423034
423327
423621
423915
424209
424503
424797
425092
425387
425682
425977
426272
426568
426864
427160
427456
427752
428049
428346
428643
428940
429237
429535
429833
430131
430429
430728
431027
431326
431625
431924
432224
432524
432824
433124
433424
433725
434026
434327
434628
434929
435231
435533
435835
436137
436439
436742
437045
437348
437651
437954
438258
438562
438866
439170
439475
439780
440085
440390
440695
441001
441307
441613
441919
442225
442532
442839
443146
443453
443761
444069
444377
444685
444993
445302
445611
445920
446229
446538
446848
447158
447468
447778
448088
448399
448710
449021
449332
449644
449956
450268
450580
450892
451205
451518
451831
452144
452458
452772
453086
453400
453714
454029
454344
454659
454974
455289
455605
455921
456237
456553
456870
457187
457504
457821
458138
458456
458774
459092
459410
459729
460048
460367
460686
461005
461325
461645
461965
462285
462606
462927
463248
463569
463890
464212
464534
464856
465178
465501
465824
466147
466470
466793
467117
467441
467765
468089
468414
468739
469064
469389
469714
470040
470366
470692
471018
471345
471672
471999
472326
472653
472981
473309
473637
473965
474294
474623
474952
475281
475610
475940
476270
476600
476930
477261
477592
477923
478254
478586
478918
479250
479582
479914
480247
480580
480913
481246
481580
481914
482248
482582
482917
483252
483587
483922
484257
484593
484929
485265
485601
485938
486275
486612
486949
487287
487625
487963
488301
488639
488978
489317
489656
489995
490335
490675
491015
491355
491696
492037
492378
492719
493061
493403
493745
494087
494429
494772
495115
495458
495801
496145
496489
496833
497177
497522
497867
498212
498557
498903
499249
499595
499941
500288
500635
500982
501329
501676
502024
502372
502720
503068
503417
503766
504115
504464
504814
505164
505514
505864
506215
506566
506917
507268
507620
507972
508324
508676
509029
509382
509735
510088
510442
510796
511150
511504
511859
512214
512569
512924
513280
513636
513992
514348
514704
515061
515418
515775
516132
516490
516848
517206
517564
517923
518282
518641
519000
519360
519720
520080
520440
520801
521162
521523
521884
522246
522608
522970
523332
523695
524058
524421
524784
525148
525512
525876
526240
526605
526970
527335
527700
528066
528432
528798
529164
529531
529898
530265
530632
531000
531368
531736
532105
532474
532843
533212
533582
533952
534322
534692
535063
535434
535805
536176
536548
536920
537292
537664
538037
538410
538783
539156
539530
539904
540278
540652
541027
541402
541777
542152
542528
542904
543280
543656
544033
544410
544787
545165
545543
545921
546299
546678
547057
547436
547815
548195
548575
548955
549335
549716
550097
550478
550859
551241
551623
552005
552388
552771
553154
553537
553921
554305
554689
555073
555458
555843
556228
556613
556999
557385
557771
558158
558545
558932
559319
559707
560095
560483
560871
561260
561649
562038
562427
562817
563207
563597
563988
564379
564770
565161
565553
565945
566337
566729
567122
567515
567908
568302
568696
569090
569484
569879
570274
570669
571064
571460
571856
572252
572649
573046
573443
573840
574238
574636
575034
575432
575831
576230
576629
577029
577429
577829
578229
578630
579031
579432
579833
580235
580637
581039
581442
581845
582248
582651
583055
583459
583863
584268
584673
585078
585483
585889
586295
586701
587108
587515
587922
588329
588737
589145
589553
589961
590370
590779
591188
591598
592008
592418
592828
593239
593650
594061
594473
594885
595297
595709
596122
596535
596948
597362
597776
598190
598604
599019
599434
599849
600265
600681
601097
601513
601930
602347
602764
603182
603600
604018
604436
604855
605274
605693
606113
606533
606953
607373
607794
608215
608636
609058
609480
609902
610325
610748
611171
611594
612018
612442
612866
613291
613716
614141
614566
614992
615418
615844
616271
616698
617125
617553
617981
618409
618837
619266
619695
620124
620554
620984
621414
621844
622275
622706
623137
623569
624001
624433
624866
625299
625732
626165
626599
627033
627467
627902
628337
628772
629208
629644
630080
630516
630953
631390
631827
632265
632703
633141
633580
634019
634458
634898
635338
635778
636218
636659
637100
637541
637983
638425
638867
639310
639753
640196
640639
641083
641527
641971
642416
642861
643306
643752
644198
644644
645091
645538
645985
646432
646880
647328
647776
648225
648674
649123
649573
650023
650473
650924
651375
651826
652278
652730
653182
653634
654087
654540
654993
655447
655901
656355
656810
657265
657720
658176
658632
659088
659545
660002
660459
660916
661374
661832
662290
662749
663208
663667
664127
664587
665047
665508
665969
666430
666892
667354
667816
668279
668742
669205
669669
670133
670597
671061
671526
671991
672456
672922
673388
673854
674321
674788
675255
675723
676191
676659
677128
677597
678066
678536
679006
679476
679947
680418
680889
681361
681833
682305
682778
683251
683724
684198
684672
685146
685621
686096
686571
687047
687523
687999
688476
688953
689430
689907
690385
690863
691341
691820
692299
692778
693258
693738
694218
694699
695180
695661
696143
696625
697107
697590
698073
698556
699040
699524
700008
700493
700978
701463
701949
702435
702921
703408
703895
704382
704870
705358
705847
706336
706825
707315
707805
708295
708786
709277
709768
710260
710752
711244
711737
712230
712723
713217
713711
714205
714700
715195
715690
716186
716682
717178
717675
718172
718669
719167
719665
720163
720662
721161
721660
722160
722660
723160
723661
724162
724663
725165
725667
726170
726673
727176
727680
728184
728688
729193
729698
730203
730709
731215
731721
732228
732735
733242
733750
734258
734766
735275
735784
736294
736804
737314
737825
738336
738847
739359
739871
740383
740896
741409
741922
742436
742950
743464
743979
744494
745010
745526
746042
746559
747076
747593
748111
748629
749147
749666
750185
750704
751224
751744
752265
752786
753307
753829
754351
754873
755396
755919
756442
756966
757490
758015
758540
759065
759591
760117
760643
761170
761697
762224
762752
763280
763809
764338
764867
765397
765927
766457
766988
767519
768050
768582
769114
769647
770180
770713
771247
771781
772315
772850
773385
773921
774457
774993
775530
776067
776604
777142
777680
778218
778757
779296
779836
780376
780916
781457
781998
782539
783081
783623
784166
784709
785252
785796
786340
786884
787429
787974
788520
789066
789612
790159
790706
791253
791801
792349
792898
793447
793996
794546
795096
795647
796198
796749
797301
797853
798405
798958
799511
800065
800619
801173
801728
802283
802838
803394
803950
804507
805064
805621
806179
806737
807296
807855
808414
808974
809534
810094
810655
811216
811778
812340
812902
813465
814028
814592
815156
815720
816285
816850
817416
817982
818548
819115
819682
820250
820818
821386
821955
822524
823093
823663
824233
824804
825375
825946
826518
827090
827663
828236
828809
829383
829957
830532
831107
831682
832258
832834
833411
833988
834565
835143
835721
836300
836879
837458
838038
838618
839199
839780
840361
840943
841525
842108
842691
843274
843858
844442
845027
845612
846197
846783
847369
847956
848543
849130
849718
850306
850895
851484
852073
852663
853253
853844
854435
855027
855619
856211
856804
857397
857991
858585
859179
859774
860369
860965
861561
862157
862754
863351
863949
864547
865146
865745
866344
866944
867544
868145
868746
869347
869949
870551
871154
871757
872361
872965
873569
874174
874779
875385
875991
876597
877204
877811
878419
879027
879636
880245
880854
881464
882074
882685
883296
883907
884519
885131
885744
886357
886971
887585
888199
888814
889429
890045
890661
891278
891895
892512
893130
893748
894367
894986
895606
896226
896846
897467
898088
898710
899332
899955
900578
901201
901825
902449
903074
903699
904325
904951
905577
906204
906831
907459
908087
908716
909345
909974
910604
911234
911865
912496
913128
913760
914393
915026
915659
916293
916927
917562
918197
918833
919469
920105
920742
921379
922017
922655
923294
923933
924573
925213
925853
926494
927135
927777
928419
929062
929705
930349
930993
931637
932282
932927
933573
934219
934866
935513
936161
936809
937457
938106
938755
939405
940055
940706
941357
942009
942661
943314
943967
944620
945274
945928
946583
947238
947894
948550
949207
949864
950521
951179
951837
952496
953155
953815
954475
955136
955797
956459
957121
957783
958446
959109
959773
960437
961102
961767
962433
963099
963766
964433
965101
965769
966437
967106
967775
968445
969115
969786
970457
971129
971801
972474
973147
973821
974495
975170
975845
976520
977196
977872
978549
979226
979904
980582
981261
981940
982620
983300
983981
984662
985344
986026
986708
987391
988074
988758
989442
990127
990812
991498
992184
992871
993558
994246
994934
995623
996312
997002
997692
998383
999074
999765
1000457
1001149
1001842
1002535
1003229
1003923
1004618
1005313
1006009
1006705
1007402
1008099
1008797
1009495
1010194
1010893
1011593
1012293
1012994
1013695
1014397
1015099
1015802
1016505
1017209
1017913
1018618
1019323
1020028
1020734
1021440
1022147
1022854
1023562
1024270
1024979
1025688
1026398
1027108
1027819
1028530
1029242
1029954
1030667
1031380
1032094
1032808
1033523
1034238
1034954
1035670
1036387
1037104
1037822
1038540
1039259
1039978
1040698
1041418
1042139
1042860
1043582
1044304
1045027
1045750
1046474
1047198
1047923
1048648
1049374
1050100
1050827
1051554
1052282
1053010
1053739
1054468
1055198
1055928
1056659
1057390
1058122
1058854
1059587
1060320
1061054
1061788
1062523
1063258
1063994
1064730
1065467
1066204
1066942
1067680
1068419
1069158
1069898
1070638
1071379
1072120
1072862
1073604
1074347
1075091
1075835
1076580
1077325
1078071
1078817
1079564
1080311
1081059
1081807
1082556
1083305
1084055
1084805
1085556
1086307
1087059
1087811
1088564
1089317
1090071
1090825
1091580
1092335
1093091
1093847
1094604
1095362
1096120
1096879
1097638
1098398
1099158
1099919
1100680
1101442
1102204
1102967
1103730
1104494
1105258
1106023
1106788
1107554
1108320
1109087
1109855
1110623
1111392
1112161
1112931
1113701
1114472
1115243
1116015
1116787
1117560
1118333
1119107
1119881
1120656
1121432
1122208
1122985
1123762
1124540
1125318
1126097
1126876
1127656
1128436
1129217
1129998
1130780
1131563
1132346
1133130
1133914
1134699
1135484
1136270
1137056
1137843
1138630
1139418
1140206
1140995
1141785
1142575
1143366
1144157
1144949
1145741
1146534
1147327
1148121
1148915
1149710
1150506
1151302
1152099
1152896
1153694
1154492
1155291
1156090
1156890
1157691
1158492
1159294
1160096
1160899
1161702
1162506
1163310
1164115
1164921
1165727
1166534
1167341
1168149
1168957
1169766
1170575
1171385
1172196
1173007
1173819
1174631
1175444
1176257
1177071
1177886
1178701
1179517
1180333
1181150
1181967
1182785
1183603
1184422
1185242
1186062
1186883
1187704
1188526
1189348
1190171
1190995
1191819
1192644
1193469
1194295
1195121
1195948
1196776
1197604
1198433
1199262
1200092
1200922
1201753
1202585
1203417
1204250
1205083
1205917
1206751
1207586
1208422
1209258
1210095
1210932
1211770
1212608
1213447
1214287
1215127
1215968
1216809
1217651
1218494
1219337
1220181
1221025
1221870
1222715
1223561
1224408
1225255
1226103
1226951
1227800
1228650
1229500
1230351
1231202
1232054
1232906
1233759
1234613
1235467
1236322
1237177
1238033
1238890
1239747
1240605
1241463
1242322
1243182
1244042
1244903
1245764
1246626
1247489
1248352
1249216
1250080
1250945
1251811
1252677
1253544
1254411
1255279
1256148
1257017
1257887
1258757
1259628
1260500
1261372
1262245
1263118
1263992
1264867
1265742
1266618
1267494
1268371
1269249
1270127
1271006
1271885
1272765
1273646
1274527
1275409
1276291
1277174
1278058
1278942
1279827
1280713
1281599
1282486
1283373
1284261
1285150
1286039
1286929
1287819
1288710
1289602
1290494
1291387
1292281
1293175
1294070
1294965
1295861
1296758
1297655
1298553
1299451
1300350
1301250
1302150
1303051
1303953
1304855
1305758
1306661
1307565
1308470
1309375
1310281
1311188
1312095
1313003
1313911
1314820
1315730
1316640
1317551
1318463
1319375
1320288
1321201
1322115
1323030
1323945
1324861
1325778
1326695
1327613
1328532
1329451
1330371
1331291
1332212
1333134
1334056
1334979
1335903
1336827
1337752
1338678
1339604
1340531
1341458
1342386
1343315
1344244
1345174
1346105
1347036
1347968
1348901
1349834
1350768
1351703
1352638
1353574
1354510
1355447
1356385
1357323
1358262
1359202
1360142
1361083
1362025
1362967
1363910
1364854
1365798
1366743
1367689
1368635
1369582
1370530
1371478
1372427
1373377
1374327
1375278
1376229
1377181
1378134
1379087
1380041
1380996
1381951
1382907
1383864
1384821
1385779
1386738
1387697
1388657
1389618
1390579
1391541
1392504
1393467
1394431
1395396
1396361
1397327
1398294
1399261
1400229
1401198
1402167
1403137
1404108
1405079
1406051
1407024
1407997
1408971
1409946
1410921
1411897
1412874
1413851
1414829
1415808
1416787
1417767
1418748
1419730
1420712
1421695
1422679
1423663
1424648
1425634
1426620
1427607
1428595
1429583
1430572
1431562
1432552
1433543
1434535
1435527
1436520
1437514
1438508
1439503
1440499
1441496
1442493
1443491
1444490
1445489
1446489
