13328
1728921
1747507
1988166
2022228
2038854
64224843
119376939
154616392
166011419
219795311
224358558
224427216
233301683
233473541
242362155
244713352
246721716
258201108
258202682
260242221
260467940
262457038
262458470
262750335
266953220
326381254
402583159
518761468
1204493567
1206837151
1278667818
1338943981
1339378108
1418818267
1475757700
1826969884
1863306409
1889961414
2009769847
2086147483
2180213449
2222839908
2310668711
2313808807
2390696568
2491063706
2609629119
2737606234
2743109055
2969663405
3058047337
3310411577
3653918122
3669511501
4059117759
4109999584
4134378573
4226935335
4559215170
4732543270
4783032299
4903413016
5057756869
5137812604
5203423301
5322546293
5366413220
5411961288
5445051193
5744882893
5796358128
5960310596
6193423307
6285467496
6396960779
6462767771
6535611600
6577510786
6583876948
6626157896
7258471791
7425097881
7446666587
7488186230
7680696964
7697364168
7726051357
7792838960
7949219586
8316846004
8318236206
8442023041
8721196788
8806098161
8928132079
9119630009
9489910709
9516398951
9746043581
9811972086
9852196715
9900742910
9908359324
9930572173
10105671562
10145515205
10358686802
10400110747
10403694635
10504326524
10551863860
10593508848
10632995435
10643718888
10690466615
10760965925
10763298777
10779086628
10818778073
10989511921
11074267442
11465122435
11535595726
11627554381
11945567209
11957226681
12020367458
12067196787
12113942208
12238990024
12265967746
12382099171
12447367924
12528372593
12611475684
12636531148
12658132681
12816080436
12816150386
12818136105
12987477132
13101641895
13409011766
13423871942
13457680870
13459590552
13641609877
13657227967
13701485974
13708248385
13712231905
13714768784
13784435820
13889370891
14009128415
14113569666
14113617664
14306915470
14324341073
14379257239
14582942550
14606136861
14620093127
14644163421
14725977476
14743811886
14915916257
15555717144
15762599120
15952345660
16384625624
16472215198
16519218004
16681701346
16976386427
17008612372
17057379004
17093504049
17303475990
17312293056
17693548538
17710132373
17741676088
17985959133
18085583599
18259949864
18286361306
18549677998
18801793208
18914965885
18920877501
18934133884
19288954016
19314619314
19391567900
19407233268
19462192219
19688502058
19720092058
20263775725
20413911979
20522549715
20655373473
20658256808
20698390702
20798043413
20843918919
20932668177
21060304511
21062458714
21113280592
21142814005
21174490209
21218984030
21434828639
21477939921
21684395454
21880590222
21882593308
21992151977
22148455804
22217417731
22352546189
22399785513
22475230818
22896068583
22987167749
22997635390
23064595814
23073570198
23147047074
23187797683
23308309410
23379293872
23388095370
23525105932
23528361610
23653486255
23658199278
23724837507
23871254589
24023202440
24034902392
24165795315
24212537479
24368839673
24430225920
24534884934
24590906767
24652877441
24655000635
24663427213
24687195859
24735665981
24892118191
24969942833
24979493232
25124755106
25152324234
25357542062
25391134816
25622229504
25701927725
25781441211
25794708883
25959428671
26009411694
26040926909
26106324753
26391328729
26412820260
26521281781
26877332910
26886342455
26934971489
27007863146
27071328639
27607212972
27622024216
27843483567
27866075197
28066641311
28233444361
28400589114
28503315186
28639279432
28774834299
28791076480
28793030882
28811172141
28833515386
28885063928
28970826847
29079513880
29081061092
29103222017
29115664406
29153571864
29316653128
29399965001
29406999449
29508811692
29669838124
29701585705
29708194904
29714713484
29782365706
29831342610
29844402279
29992694469
29993511476
30011346348
30084491582
30094919837
30144893877
30186343538
30252729968
30253120852
30255737775
30290499991
30304007421
30334787215
30380012555
30394399257
30419379333
30804392970
30908101735
31011554704
31028189348
31134711370
31144329132
31166782921
31301080673
31413291206
31415401303
31446104315
31523983635
31527019856
31560302232
32026026243
32320423466
32320560757
32338408053
32429634725
32595416865
32604249212
33051069444
33108349782
33221942924
33240064805
33548645525
33565726987
33797217346
33854713371
33900601652
33913902591
33966867179
34103212809
34112204914
34119052019
34132334784
34642448656
34657844563
34659598498
34705835743
34713051773
34715299854
34875489855
34907611875
34970992192
35145212472
35150106451
35309509468
35415540718
35539419724
35749617743
35920455134
35945306698
36356097788
36375349506
36619618261
36626059858
36814649121
36826323153
37012467260
37085565856
37099721031
37245360214
37290684200
37336702230
37406774088
37543072313
37557735371
37685363375
37740487079
37837196975
38111825478
38251576921
38430911988
38649840163
38736010497
38772798526
38841031609
38927216952
39019207516
39420931885
39560288052
39590805856
39593053955
39705847888
39838069142
39881141878
39925165625
39953013120
40009318810
40257837508
40285169523
40409465400
40653303227
40675458416
40822962030
40831452841
40841355703
40856604190
40928848875
40984468204
41027786844
41075708379
41094147938
41094908379
41150845627
41275745784
41389864739
41452205521
41509649845
41532830287
41600030544
41758021454
41860611191
41864669032
41894890769
41964039965
42049211267
42054747393
42073634672
42133226980
42248026892
42281105783
42358768991
42398431521
42476764600
42476859978
42524777047
42541180784
42641199948
42935468450
43010168304
43090749502
43121589295
43274776885
43388312262
43443025074
43443233109
43517724097
43733882764
43817527836
43887921950
43903340492
44139200205
44236520285
44285606274
44295770704
44379278122
44438575295
44575652692
45046753259
45051840791
45280171985
45303006291
45304361071
45344766996
45361798935
45423200402
45678271735
45697093500
45707819830
45707987829
45774013547
45886822537
46009002240
46129256603
46142106057
46164009940
46250736739
46413776830
46424223005
46431001460
46524457524
46611422120
46771339054
46777584520
46966076729
47115322158
47204981632
47315118062
47328663540
47581186340
47602221753
47620823343
47816462442
47896603130
47911426535
47932486401
47983868426
48145570735
48231474700
48262592562
48296790732
48347182559
48618272369
48855070079
49141364681
49260655408
49270299253
49519366547
49718302931
49732030546
49843003877
49846714783
50235418636
50525688541
50754934986
50867111340
50883335815
50901106505
50937123898
51032092799
51395621570
51663773728
51990451877
52049745292
52085868407
52328386621
52389466850
52524820469
52571363207
52687422432
52701885530
52737535084
52809688561
52839457255
52945833194
53030327836
53034438541
53192146652
53195987837
53231999764
53353431606
53361244713
53408406131
53420862296
53428071168
53567021390
53898819196
54108719170
54309103902
54470229415
54668500402
54996349569
55020146844
55045958045
55349614897
55358972571
55509971475
55699513716
55957749917
55995968226
56024951976
56191960801
56225711448
56461405022
56476497438
56604875154
56755874692
56769689823
56846174985
56947770535
57152150604
57190731100
57369254432
57415212464
57446413111
57505044374
57619971155
57680905076
57961597987
58147790412
58234403974
58260174956
58395549871
58412937114
58488755471
58705808445
58713859757
58793299564
58803474151
58881436059
58947404288
58999795304
59063525275
59197763058
59223743823
59467945734
59587559990
59657847158
59847630520
59894145058
59974413320
59983222126
60001672753
60080078517
60217559834
60348021303
60437919570
60676983094
60770245938
60834968919
60899899661
60935672752
60955212442
61206553129
61226303728
61407577186
61410043158
61498650865
61532577300
61577735977
61620034792
61620685373
61679961460
61693148530
61744989368
62166554889
62231573689
62275385230
62425936783
62459082268
62546137076
62574478878
62576709623
62636068869
62656663098
62804620101
62814595716
62913450887
63053923377
63190177290
63295106631
63308566083
63560218297
63614535994
63747996735
63865460440
63943907334
64011115686
64058191443
64100018655
64124825005
64271544415
64276522183
64278701102
64283318450
64324072568
64436797209
64442762260
64447108103
64529520682
64553526407
64570813632
64878609881
64900207004
64936215352
65052323603
65115029699
65238713389
65421361632
65479577139
65813143618
65944342889
65948036632
66151070060
66183236810
66311703562
66323185586
66334232641
66378273830
66385371535
66442631817
66614743895
66614845418
66698658350
66793344854
66849068437
67336245165
67527260047
67703270577
68109289508
68173002483
68192882321
68232689746
68295691221
68373441041
68685080333
68805958005
69029565384
69052970654
69075191966
69119509758
69189073519
69210945408
69325283647
69625633605
69689167542
69700838660
69841850626
69934827165
69989840441
70068171702
70143971973
70147966314
70196997894
70252415223
70255456305
70457986961
70668790369
71061329683
71287067421
71358353972
71431862760
71463620019
71640070826
71704673843
71771568403
71900532239
72003995202
72203318726
72216551428
72226460636
72389165854
72421406103
72555280549
72631724264
72930702289
72963681516
72987207338
73089702205
73318578310
73335273669
73457644528
73519731521
73598386829
73607475801
73708422475
73755547095
73774562365
73784054155
74008661155
74236524232
74279064243
74478888218
74688038568
74805329592
74837062337
74848065870
74900809216
74978954360
75031804036
75034220703
75065226819
75104124585
75111343390
75171165774
75295515070
75394040305
75406474593
75470749029
75577060261
75707951374
75714930246
75830397614
75910558836
76005382980
76110031242
76170265373
76176201448
76249095758
76368229447
76486889870
76528375351
76580771069
76608739398
76662103136
76903480872
77043332918
77132013524
77183125560
77583286548
78067794943
78094652298
78328333185
78547770261
78560452294
78575525628
78614546788
78776427864
78875529481
78896768902
79125111098
79181251957
79211500121
79520393296
79529361049
79609055990
79693826999
79714266375
79778350892
79907116407
80234305433
80439561694
80585572338
80853397821
80883174335
80973059011
80996641963
81126126815
81341037418
81406825409
81416018086
81564842092
81651768334
81840479016
81854782398
81865137242
81888835064
81894134644
81930620780
81965433846
81970146406
82006271860
82168158776
82176632156
82320634586
82359389932
82735459388
83028967753
83084571941
83085928239
83090836132
83168897323
83179698541
83185234342
83491170042
83491541425
83970152351
84134334470
84377043771
84457360271
84468079453
84629103586
84766700517
84920708609
85032661590
85093217095
85111731218
85192384278
85320668716
85368975000
85385614259
85562202193
85613579211
85629793626
85679114074
85706255046
85720684363
85789229229
85807315212
85876018872
86017225167
86186919497
86304506122
86338298516
86384617896
86458798569
86513983337
86690024863
86773590307
87001023796
87023420138
87197533072
87208309338
87224233968
87472491076
87659617126
87695521188
87695577097
87951623898
88031669682
88086634512
88091332667
88201898116
88271289300
88335385473
88675753511
88788634940
88796992572
88799246682
88889096192
88905675382
88979625800
89038889845
89223415141
89259599155
89307888768
89429218969
89583253484
89704240357
89860051342
89891389896
90402058599
90762982278
90872337847
91059892569
91380756776
91634645060
91674143891
91832011555
91840324017
91848314503
91850861634
91955892333
92153779883
92970799494
93485773159
93706810718
93707441605
93949273164
94167627331
94183239319
94245302701
94516501888
94541230889
94583376401
94627474329
94642233599
94864625351
94885804792
94960053821
94964259081
95269331196
95349749144
95361009868
95375735560
95383551167
95445296617
95774535425
95969127810
96318897936
96327606077
96388463834
96397731717
96638250970
96642823078
96753330684
96860652204
96944843763
97280953738
97326544619
97365593775
97385722640
97418585833
97602712274
97623320870
97652601898
97712450936
97780661579
97956006829
97960732994
98125197734
98202032927
98390412716
98798075583
98817279155
98845273405
98904422649
99091139810
99436198154
99548748431
99844007886
99902250846
