1435
1549
2847
3092
3282
4819
6810
9108
9594
11340
11467
12076
14148
14556
16794
18225
19311
20136
21494
22878
24528
26245
26484
26523
28160
28374
30163
32798
34351
34993
36161
36858
41048
41491
43037
43092
44891
45936
47572
50591
51603
51752
52497
54447
55488
58272
59272
59486
62026
62138
64014
68952
69186
69218
70138
71793
72046
72627
72773
74659
76672
78038
78278
78335
79079
81065
84386
85187
86558
86930
87161
87466
88100
88762
89321
89942
91762
93026
94709
96478
97397
98097
98919
98967
101379
102438
102865
106528
107003
107102
107714
109031
110206
110277
110521
110690
110936
111046
111126
112833
113537
114590
119354
119712
120642
120696
121097
121198
121243
121835
122986
123271
124654
124877
128967
129686
131249
131971
132108
132577
133700
135267
135590
135861
136218
137194
137641
139537
139824
141240
141455
141997
142182
142206
143174
147701
149283
149818
153218
153219
153368
154157
155477
155809
156104
156287
157090
157662
158547
159341
159493
160702
160783
160974
162230
162274
162422
163128
163448
165479
165961
166911
170307
172342
173144
176962
177097
177469
177698
177948
179690
180143
180915
185339
187069
188082
189536
190431
191186
191837
191859
192619
194656
194661
195368
198306
198826
199028
199493
200603
200679
201014
202450
204527
204812
205779
206159
206168
206987
207041
207369
207430
208423
211652
212267
212482
213899
214253
214510
215323
216386
217520
219548
222997
223214
229419
230406
231415
232799
233516
234617
236174
236293
236808
237370
238286
241008
243334
244275
247041
247595
249314
251567
251897
252794
255965
257256
257489
257807
262233
262492
262699
263533
263935
264762
266331
266510
267263
269080
272124
272499
272943
273155
273509
275453
275739
277874
279010
279121
280001
280618
283383
287605
289293
291577
294357
296097
296459
298116
300567
300582
303099
304180
305857
308234
308508
312111
312392
312439
312564
313131
314043
314067
314430
314820
315519
317716
318323
318832
319096
319824
320081
320859
325197
325400
326765
327658
327691
329299
330712
331211
331289
331881
332374
332781
334013
334336
336422
336852
339451
341153
341919
342293
344134
347869
348050
349082
349914
352216
352896
353566
355901
358241
358318
360413
360516
360576
361814
364088
365247
365746
366025
367637
367643
368085
369713
371294
373065
376582
377156
378303
378915
380679
381435
381650
385374
386324
387572
387847
388833
389899
390292
392951
397023
397508
397627
398508
401147
402431
403047
403608
406123
409590
409790
412092
414493
414702
415846
416001
416143
417955
418175
418336
419610
419843
423996
425547
425670
427068
430812
430846
431773
432519
433940
434695
434753
435572
435739
437264
437625
439533
440466
440601
440972
442329
445199
447065
447451
448251
448771
449886
450038
450275
450300
451304
451577
452421
454696
455856
457985
458868
458871
460542
463060
464798
467627
467937
468825
469389
472228
472908
473227
474058
476028
477187
479346
481506
482504
482732
483456
484348
484433
484969
485654
485669
485753
486416
486955
487633
488508
488919
489765
490260
490886
491630
492516
494355
494630
494648
497036
497723
498041
498677
499339
499914
503611
505062
507747
508113
512765
514340
517059
517756
519213
519979
520596
521470
522452
522621
522998
523193
523352
524686
527021
529665
530135
530633
531577
532422
532460
532605
533224
533803
536367
537863
538457
538552
540377
540516
540722
540736
542011
543292
543335
544120
546310
547061
547605
548532
548852
548888
550170
551295
552000
554840
555166
559414
559763
560573
561397
562209
563316
563871
564059
567468
568440
570305
571126
576194
577888
578940
581321
581546
581986
582647
583829
584005
584868
587291
589802
592554
592675
593302
596568
598917
601160
601296
601668
602286
603663
604451
605005
609681
613249
614121
614394
614990
615675
616077
616293
616817
617335
618704
620256
620485
620819
621045
621086
621473
622329
624315
625760
626854
626991
627092
627384
628569
628578
630944
631179
632925
633110
633297
633429
633753
634776
635269
635626
635969
636925
641849
642255
642620
646123
649691
650662
651407
652868
654924
655733
656695
656713
657513
658532
659867
661118
661401
661769
662507
663497
664503
666754
666934
668183
668752
669029
669324
669489
670091
672073
672446
674975
675365
675419
675822
676621
678132
678438
681298
681729
682046
682814
684371
685757
688161
688246
689025
689962
690263
690406
690923
691125
698108
700837
701154
701728
701771
702283
703065
704130
704531
705758
707762
707866
708541
708550
709057
709714
710601
711620
713315
713900
715982
716325
718206
718308
723359
723841
726143
726746
727544
728773
728977
729216
729507
730386
732280
732568
733037
734460
734947
735630
735708
736524
736600
736621
737173
738407
738700
738833
739385
739653
740918
741958
742169
743175
743829
744682
748547
748853
749647
749657
750538
752920
754700
756566
756962
759041
759315
759836
760064
760793
761976
762722
763107
763232
763562
763626
763646
764815
766977
767026
767629
768029
768424
768727
768805
769891
770553
770794
771287
771442
771600
774096
774541
775026
775337
779091
780146
781180
783099
786584
787936
788191
789356
790481
793880
797443
800429
800747
800824
801102
801213
802018
804641
804690
807780
809249
812172
813936
814896
815153
816229
816348
816458
816653
816752
817300
820721
821255
822609
822825
823520
826965
827040
827302
832687
832744
833006
834876
835219
838156
840206
841248
842524
843636
844744
845941
846511
847581
847927
848243
848566
848731
849015
849559
851044
851702
852264
853212
854332
858283
860847
861596
861958
863121
864641
865076
865901
866037
868846
870113
870370
873301
873851
873883
874073
874208
874304
875431
875823
878547
879109
879382
880075
880336
880654
881193
881916
882629
883692
885405
886716
886921
887084
887318
890282
890350
890622
891328
892920
893502
893537
898516
899411
899447
900549
900876
902612
902651
903041
906432
907009
907210
908038
908116
908455
908841
909393
910467
910586
911435
911663
912484
913231
913687
914439
914794
914996
915141
915467
915485
915518
916158
917249
919088
919204
919587
923227
923311
923819
926012
928237
929673
930113
931723
933413
935113
936000
937991
938047
938227
938272
938483
939897
940167
940322
940437
941452
941524
942342
942411
942977
945085
946973
947061
949670
952520
954280
954320
954456
959074
960353
961630
962308
963205
963904
964069
966769
966829
968122
968662
969887
971500
971823
973306
976175
978112
981186
981497
981641
982997
983738
983923
985360
985700
986711
987737
988408
989554
992583
994305
994652
995859
999183
1000560
1000789
1002860
1004647
1004872
1005173
1005341
1005722
1006313
1007243
1007511
1007616
1008479
1009569
1010496
1010921
1014184
1014499
1014873
1015861
1016911
1017235
1018157
1018380
1018455
1020480
1022698
1022699
1023059
1023137
1024357
1030419
1030523
1031267
1031500
1034137
1034637
1036128
1038068
1038256
1040224
1040350
1040738
1042273
1043436
1044645
1044906
1044933
1046686
1047075
1049645
1053729
1054349
1054635
1056117
1056840
1058651
1058811
1059841
1060605
1060687
1060950
1061446
1062512
1062602
1062698
1063158
1065324
1065530
1065818
1066326
1066723
1068131
1068863
1069713
1070258
1071008
1071594
1072595
1073030
1073239
1074176
1075091
1077581
1078144
1080914
1081661
1084091
1084932
1085660
1088389
1089275
1089496
1090992
1091346
1095334
1096280
1096569
1096646
1096852
1098206
1098434
1098911
1100870
1101048
1101965
1103070
1103777
1105817
1106614
1107569
1108301
1109227
1109238
1109583
1110460
1110870
1111446
1113457
1117325
1118702
1119456
1119776
1124172
1124274
1126310
1126998
1127988
1128599
1128954
1129631
1130159
1130789
1132688
1133008
1133208
1133372
1133461
1133544
1135258
1135470
1137407
1137730
1138100
1140044
1140194
1140312
1143811
1144687
1144829
1145653
1146505
1147624
1147756
1147909
1148634
1149597
1151087
1151205
1151225
1153651
1154126
1154992
1155557
1156393
1156902
1157949
1160289
1161193
1164313
1164686
1165866
1166941
1167378
1167449
1167822
1167847
1171198
1171218
1171745
1173318
1173965
1174060
1174152
1176077
1180916
1181322
1181822
1183767
1186125
1186553
1188301
1188789
1188825
1189067
1189907
1191066
1191383
1194198
1194801
1195114
1195257
1196955
1197032
1197636
1197935
1198058
1201986
1203698
1204993
1206947
1208521
1209226
1209981
1214435
1216878
1217071
1217848
1221118
1221854
1222736
1223240
1223386
1224284
1224599
1225232
1225669
1227162
1228016
1228898
1229110
1232969
1233237
1233623
1233658
1236638
1237003
1237331
1239197
1240929
1241464
1242387
1242892
1244282
1244712
1244876
1247057
1247353
1247548
1248902
1249382
1253047
1255409
1255447
1256030
1258076
1258331
1258981
1259100
1259379
1262382
1263313
1263679
1264218
1264748
1265001
1266952
1270273
1273196
1275009
1275374
1275551
1281433
1281784
1282825
1283746
1284002
1284021
1286168
1286698
1287332
1288937
1289085
1289534
1289923
1290526
1290796
1290961
1293020
1293325
1294615
1295227
1299954
1300622
1300646
1301665
1304181
1305378
1305896
1306317
1306728
1306851
1307538
1307594
1309842
1309997
1310346
1311290
1311382
1312322
1312558
1314805
1315459
1315798
1316632
1316802
1317776
1318772
1319479
1321324
1322047
1322557
1323049
1324175
1324645
1324869
1325722
1325761
1325893
1326581
1327277
1328472
1328918
1329187
1331937
1332193
1333367
1333376
1338687
1338986
1341452
1342445
1342843
1343236
1343263
1343333
1343763
1344047
1345036
1345920
1346371
1347467
1348021
1349590
1349840
1351868
1352527
1354300
1355439
1355791
1358267
1360015
1361450
1362099
1362693
1365149
1365794
1367376
1368710
1369112
1371865
1372525
1373555
1374158
1374659
1374845
1375290
1375453
1376369
1379624
1379891
1381527
1382753
1382787
1382909
1384290
1384877
1384936
1385991
1386418
1386982
1387242
1394044
1396415
1396723
1396771
1397383
1402399
1402526
1406225
1407191
1407748
1408104
1408404
1408784
1409758
1409947
1413458
1413999
1414508
1414808
1415979
1416021
1419102
1419525
1420156
1420416
1421022
1421349
1421902
1422018
1422342
1422633
1423756
1424426
1425085
1425342
1425760
1426162
1427388
1428191
1428614
1429098
1429986
1431206
1432176
1435034
1436347
1436363
1437026
1437708
1437925
1437930
1438456
1438621
1439727
1440404
1440757
1444148
1444410
1444846
1446060
1446410
1446455
1449308
1449322
1450798
1451316
1453962
1454383
1455218
1456225
1456980
1458591
1458649
1459332
1460078
1460891
1461125
1464604
1464797
1465941
1468357
1469661
1470159
1470273
1470854
1471032
1471406
1471723
1472884
1472955
1473390
1476728
1476741
1476750
1477088
1477398
1478574
1478755
1483883
1483915
1485285
1488575
1491048
1492738
1492779
1493219
1494200
1495511
1495541
1496331
1497984
1497994
1498202
1498456
1498726
1500416
1500901
1501223
1502467
1503148
1503425
1503554
1503717
1504043
1505169
1509387
1510773
1511336
1511341
1512187
1512308
1512732
1512963
1513254
1513679
1514123
1514149
1514267
1514923
1515030
1515088
1516313
1516524
1517010
1517344
1517360
1518891
1519244
1521139
1522188
1523024
1524974
1525206
1525747
1527147
1528212
1528449
1529023
1529935
1530068
1530298
1530497
1530793
1532210
1533209
1533463
1535458
1538024
1538698
1539438
1539467
1541912
1542518
1542590
1542796
1543145
1547674
1548511
1548634
1551288
1551575
1552748
1553639
1556017
1557253
1558874
1559399
1559464
1560439
1560728
1561176
1561359
1561871
1562037
1562399
1562657
1563468
1563790
1564141
1564332
1564689
1565985
1566777
1567468
1567880
1568678
1569976
1570911
1571945
1576392
1581875
1582179
1582524
1585184
1585546
1585592
1586340
1589226
1589366
1589550
1593809
1595275
1596917
1597613
1597897
1598523
1599906
1599943
1600296
1602797
1602904
1603125
1603516
1605088
1605308
1607764
1607817
1609202
1609881
1611413
1612483
1614912
1615622
1615677
1615878
1616210
1619061
1620082
1620732
1622046
1622400
1622631
1622794
1624230
1624736
1625220
1626229
1627170
1629390
1630140
1630611
1631802
1632292
1632751
1633262
1633502
1634721
1637507
1637842
1638360
1638895
1639113
1639417
1639564
1642635
1643275
1643963
1644153
1645243
1647562
1647814
1648387
1648810
1651030
1651177
1651601
1654343
1654371
1655671
1656653
1656810
1660521
1661097
1661307
1662054
1662338
1662717
1663938
1664863
1665880
1666541
1666893
1668347
1670586
1671067
1671072
1672884
1674515
1675536
1677182
1677407
1678477
1678672
1679975
1680697
1681042
1681144
1682396
1683838
1684358
1685367
1685524
1686231
1686363
1686548
1686863
1690268
1691296
1692765
1692883
1694160
1694338
1694522
1695038
1696860
1697690
1698275
1698824
1699161
1699372
1701688
1703045
1706614
1707116
1708148
1708383
1709062
1709620
1709721
1710400
1714803
1715158
1715864
1716512
1717572
1718262
1718286
1718442
1719329
1719583
1721135
1721170
1721307
1722069
1722408
1722846
1723158
1724585
1724590
1724773
1726457
1726915
1728209
1729778
1731434
1731828
1732870
1732967
1736473
1737347
1737893
1738129
1739191
1740017
1743274
1743602
1743629
1743975
1746548
1746679
1747213
1750084
1751895
1754047
1754894
1756994
1759055
1760168
1761653
1764491
1765375
1765414
1768504
1769487
1770234
1770648
1772258
1772642
1776088
1776460
1776570
1777158
1777454
1779557
1780658
1781470
1782574
1782809
1783791
1783932
1783941
1785277
1786185
1786278
1787627
1788169
1788215
1788238
1789344
1789949
1791270
1791327
1792041
1794516
1794698
1794848
1795437
1795765
1796087
1800206
1800606
1801733
1803501
1805768
1806634
1808009
1808875
1809265
1810117
1811298
1812049
1812519
1812554
1813543
1813596
1813693
1813842
1815603
1817745
1818692
1819161
1821504
1822649
1824432
1825908
1826831
1828260
1829622
1831995
1832517
1833230
1833314
1833787
1834023
1834801
1834838
1834914
1835125
1838859
1839607
1840432
1843740
1844258
1845328
1847722
1849490
1850798
1851133
1851472
1852723
1852907
1853280
1857975
1859388
1859671
1859886
1860421
1860938
1861110
1861373
1861709
1861751
1864104
1865405
1866934
1867825
1868688
1871488
1871534
1874387
1876828
1876932
1877580
1877913
1879460
1882551
1882928
1884343
1885284
1887283
1887752
1887937
1889899
1890441
1891524
1893218
1893232
1893930
1894625
1894776
1895176
1896774
1898583
1898704
1899365
1901507
1902100
1903351
1903561
1905181
1905196
1906718
1909540
1909784
1909863
1910720
1911520
1911847
1912044
1912087
1912813
1912994
1913049
1914064
1915369
1915617
1916069
1916496
1918019
1919136
1919549
1920326
1920509
1921542
1921859
1923047
1923417
1924056
1924714
1925626
1927455
1930745
1930810
1932227
1932288
1932555
1934976
1935113
1936178
1936571
1937918
1940214
1940765
1940955
1941503
1942630
1943405
1944497
1944841
1945931
1946062
1946560
1947249
1947320
1947939
1948178
1950183
1950658
1953854
1955647
1956687
1957497
1957536
1958415
1960284
1960327
1960855
1961547
1961940
1962077
1963085
1968239
1968404
1968753
1968815
1969410
1969909
1970754
1971454
1971598
1972228
1973853
1975258
1975386
1975701
1976045
1976835
1977390
1978465
1980663
1980687
1980707
1982850
1983186
1983483
1984841
1985251
1986209
1987287
1987988
1988307
1989574
1989725
1990334
1991570
1992563
1993175
1993318
1995183
1997927
1998738
2000143
2002424
2002438
2003215
2003921
2005795
2006281
2007387
2010177
2011227
2011363
2011815
2012881
2013003
2013272
2017994
2018016
2019442
2022334
2023227
2023365
2024047
2024269
2024809
2025626
2025773
2025778
2026728
2026754
2027802
2029477
2030113
2030966
2033459
2033912
2034027
2036059
2036124
2037191
2037647
2038264
2042084
2043299
2044276
2044708
2046175
2046668
2047210
2047685
2047722
2049194
2049499
2050009
2050700
2051464
2052321
2055576
2055673
2057514
2058722
2059607
2061828
2063211
2063320
2064357
2065243
2066235
2066315
2067274
2067542
2070570
2071382
2072044
2072728
2073474
2073581
2073922
2074573
2076710
2076911
2077237
2078241
2081317
2081873
2082914
2083077
2083343
2084353
2086308
2088344
2088386
2090797
2090865
2091745
2091809
2092406
2092954
2093190
2094235
2094239
2097809
2097821
2098653
2100009
2101118
2102634
2102926
2106365
2106564
2106737
2109911
2111034
2112652
2113620
2114023
2117049
2117143
2117636
2117788
2118060
2118618
2119085
2120109
2120836
2121622
2121873
2123709
2126655
2127708
2128830
2128901
2129542
2132786
2134259
2135534
2136529
2136551
2137316
2137710
2137935
2138181
2139695
2140029
2140306
2141239
2142127
2143956
2144023
2145157
2145327
2145556
2146546
2150806
2151093
2151610
2151617
2153097
2153282
2153888
2154051
2155739
2158613
2159470
2160763
2161173
2163099
2163449
2164813
2165880
2166570
2167376
2169632
2170723
2171071
2176225
2177199
2177250
2179482
2179901
2180906
2182100
2182154
2182279
2182597
2182975
2184382
2184699
2186555
2187332
2189251
2190059
2191007
2192032
2192921
2193037
2193891
2194370
2194789
2195773
2196149
2198037
2198638
2200150
2200475
2201267
2201710
2202464
2202624
2204724
2206973
2207395
2210769
2211157
2211291
2213134
2213242
2213658
2213824
2214305
2215051
2217273
2217531
2217764
2218169
2218589
2219824
2219862
2222252
2223098
2223175
2223631
2225862
2226183
2226333
2226537
2226624
2228175
2230219
2231198
2233823
2234807
2237058
2237592
2237608
2238241
2239922
2239990
2240912
2243545
2244614
2246154
2246185
2247055
2247270
2249600
2249703
2251501
2251636
2252626
2252801
2253031
2253277
2253688
2253718
2254614
2256060
2256338
2257303
2258353
2258817
2260294
2260430
2262450
2262755
2266362
2266835
2266851
2269160
2270069
2272119
2273137
2273269
2274804
2275826
2276065
2276659
2277144
2277572
2277614
2277939
2280231
2283248
2283577
2283789
2286742
2288101
2288489
2288926
2289279
2289764
2290115
2290229
2290672
2292170
2292713
2294774
2297254
2297630
2299088
2300647
2301222
2302031
2302174
2302417
2302438
2302564
2302852
2303058
2304005
2304606
2306314
2306725
2307080
2307798
2307889
2307963
2308538
2309764
2310140
2311438
2312992
2313029
2315160
2316405
2316639
2317095
2318275
2320821
2321531
2321873
2321942
2322064
2322104
2324018
2324928
2325723
2328554
2329349
2329735
2329967
2330636
2331197
2331501
2332267
2333188
2334293
2335038
2335975
2339134
2341057
2341557
2342608
2342942
2345069
2345135
2345338
2345961
2346378
2347627
2347853
2347981
2348114
2348331
2348838
2349030
2351084
2351868
2353101
2353785
2355029
2356346
2358208
2359075
2359604
2361510
2363534
2369560
2371416
2371602
2371859
2372774
2374513
2374929
2375493
2376537
2376783
2376915
2378937
2380261
2383832
2384080
2384710
2385244
2386328
2386384
2388393
2388522
2388630
2389108
2390000
2390091
2393607
2393974
2394312
2394334
2395441
2396676
2396950
2396987
2400615
2401116
2401850
2402902
2403234
2403361
2403511
2404091
2405308
2408819
2409867
2410360
2411179
2411249
2413447
2413781
2415850
2416493
2417186
2418526
2419132
2420404
2420581
2421727
2421820
2423170
2425991
2426109
2426689
2427461
2427676
2429724
2430151
2431212
2431711
2433874
2435210
2435253
2435283
2438177
2438206
2438977
2439136
2441467
2442040
2442255
2442499
2443176
2446428
2446851
2447304
2448176
2448380
2448514
2450300
2450947
2451774
2452813
2453557
2455003
2456660
2456926
2457461
2458755
2461642
2463932
2463987
2467651
2472100
2472189
2472414
2472527
2473113
2473387
2473761
2475548
2475836
2476408
2477610
2477824
2478196
2478727
2479264
2480985
2481086
2482092
2482120
2482256
2483236
2483929
2484601
2485807
2486379
2487325
2488460
2488628
2488704
2492539
2492562
2493017
2493203
2493443
2493621
2493647
2494007
2497360
2498085
2498809
2499027
2499296
2499513
2499627
2500715
2502229
2503120
2503436
2503452
2503456
2504019
2504521
2504920
2505186
2508522
2509000
2509220
2509536
2510581
2514105
2515396
2515949
2518002
2518087
2520615
2522845
2524512
2524938
2526084
2528052
2529080
2529642
2530518
2531028
2532555
2532644
2533857
2535551
2535634
2536352
2537801
2539636
2540594
2543551
2543614
2544610
2545240
2545556
2549416
2551903
2552641
2556551
2556763
2557039
2557220
2560856
2561552
2561918
2562495
2562705
2563536
2563646
2564217
2564251
2564729
2566765
2567173
2569046
2570027
2570227
2572022
2574265
2575047
2575158
2575243
2576811
2578511
2578714
2579573
2579924
2582322
2583206
2584093
2584996
2585897
2585950
2586094
2586212
2586950
2587398
2587505
2587931
2588175
2588336
2588652
2589751
2592464
2592974
2593001
2595683
2595845
2595941
2596753
2597059
2597208
2599548
2600333
2600895
2601637
2602504
2605071
2606795
2606949
2607356
2607983
2608513
2608710
2610197
2612506
2615206
2617098
2617171
2618139
2619042
2622462
2622515
2622672
2626181
2630468
2631333
2632804
2634111
2634568
2634617
2634980
2635764
2637534
2639223
2640018
2640889
2640899
2641282
2641484
2642344
2642476
2642499
2644347
2645741
2646552
2646667
2647821
2649663
2649811
2650391
2650523
2651565
2651604
2652149
2653446
2653760
2657144
2658100
2660958
2661058
2663319
2663907
2667115
2667199
2667917
2670226
2670819
2670896
2671308
2673322
2673591
2673793
2674211
2678059
2678638
2679315
2679603
2680321
2682671
2684052
2684131
2684813
2686631
2688166
2688301
2689594
2690114
2690116
2690622
2693705
2694157
2696736
2697606
2698193
2699529
2699938
2700047
2700366
2703298
2704659
2705263
2705405
2706725
2706755
2707281
2708116
2708302
2710343
2710895
2714471
2714601
2717339
2717354
2717900
2718341
2718884
2719990
2722056
2722606
2723988
2725462
2726201
2726327
2726331
2727935
2728882
2728923
2732048
2732123
2733132
2733691
2735175
2739207
2739867
2740044
2740422
2741438
2743303
2743996
2746337
2747534
2747879
2747945
2748655
2751363
2752186
2753418
2753883
2754070
2754127
2756910
2757404
2757754
2759542
2760475
2760597
2762152
2762487
2764318
2765541
2766286
2767969
2768193
2768343
2768991
2770138
2770370
2775016
2777050
2777286
2778404
2778554
2782058
2782393
2783722
2784505
2784709
2786787
2787134
2790237
2790695
2790696
2790745
2791109
2791137
2793181
2795540
2795835
2798082
2798595
2799538
2799805
2800292
2801173
2802133
2802571
2802587
2804075
2804559
2805274
2806047
2806547
2807132
2807840
2808198
2808418
2809068
2810320
2811450
2811868
2813903
2814647
2815034
2816607
2816683
2818391
2819425
2819458
2820798
2821189
2821731
2822078
2822312
2822492
2823521
2824903
2825261
2826178
2828735
2829240
2829301
2830705
2831255
2835093
2836678
2838554
2839632
2839807
2843451
2843767
2845129
2846949
2848423
2849886
2851044
2851852
2851902
2853891
2854188
2857489
2859391
2860131
2860717
2860721
2861635
2862010
2862327
2862767
2863692
2864666
2865574
2866088
2866974
2871230
2872269
2872281
2873296
2873517
2874940
2875339
2876011
2876606
2879023
2881241
2881270
2881880
2882757
2883553
2889032
2889156
2889858
2893851
2894531
2895058
2896693
2898604
2899223
2900427
2900822
2903892
2905518
2905824
2906397
2907342
2909338
2909968
2910495
2910830
2911451
2912886
2913368
2913796
2914404
2914829
2915798
2916107
2916715
2917016
2919694
2920762
2921695
2922635
2923366
2924009
2926839
2927575
2928275
2928445
2929534
2931009
2931227
2932663
2934217
2936226
2936596
2937099
2937176
2937508
2938131
2938247
2938600
2939212
2940499
2940561
2941566
2941912
2942041
2942713
2944316
2944885
2945353
2946567
2946751
2946849
2947669
2947745
2948283
2948933
2949245
2950888
2950904
2952542
2954088
2954473
2955087
2955709
2958222
2959522
2960096
2962978
2963163
2966618
2967372
2970181
2970445
2970879
2972018
2972698
2972963
2973536
2976601
2976650
2976712
2977282
2979359
2980239
2980258
2981450
2983202
2985161
2985341
2986212
2986525
2987363
2990511
2993762
2994290
2994493
2995428
2995870
2997061
2997281
2998417
2999964
3000886
3001084
3001408
3002466
3002836
3003096
3003461
3004727
3005557
3007598
3008109
3008898
3009069
3009172
3009366
3009367
3010048
3010529
3012385
3012613
3012820
3013739
3015593
3016063
3016499
3016809
3018040
3018342
3018500
3018677
3018851
3019585
3019906
3020528
3020853
3024309
3025884
3026104
3026551
3026879
3027557
3028421
3029442
3029979
3030887
3031041
3031181
3031576
3033474
3034091
3034134
3038296
3038955
3041047
3042682
3043480
3044357
3044882
3046805
3048907
3050766
3051509
3051595
3052834
3053190
3054824
3056945
3058117
3058159
3060284
3064676
3065690
3066614
3068039
3068080
3070977
3071377
3071524
3071984
3072601
3074382
3076154
3077684
3078418
3079382
3082639
3084811
3084977
3085098
3085559
3086613
3086885
3087809
3089276
3091109
3091420
3093109
3094587
3095339
3099531
3099902
3100114
3100124
3101100
3101792
3101936
3102874
3105251
3105895
3106298
3112748
3114489
3116163
3116429
3117056
3117625
3119277
3119515
3120669
3121368
3123902
3125790
3126532
3127053
3127273
3127564
3129604
3130342
3131076
3132173
3134272
3135756
3136665
3136946
3138993
3139874
3139896
3140556
3142605
3143696
3143912
3146456
3147112
3150584
3151542
3153002
3153025
3153037
3154127
3155352
3156740
3156856
3157826
3157922
3158036
3158134
3159798
3160048
3160157
3161109
3161264
3162177
3163696
3164963
3165061
3167286
3167928
3169550
3171246
3171911
3172607
3176859
3176986
3177535
3178618
3178686
3180079
3181393
3181650
3183910
3184459
3184887
3185160
3185283
3185480
3185957
3186247
3187406
3188068
3188992
3189885
3190481
3191175
3191222
3194548
3195751
3195887
3196800
3197346
3197381
3197911
3198449
3200829
3201127
3203013
3204501
3205394
3206183
3213032
3213524
3213634
3214348
3214793
3215878
3218542
3218734
3219293
3219595
3219816
3220085
3221313
3223772
3224451
3224602
3225657
3226067
3228384
3229034
3229300
3229821
3230379
3230541
3231028
3231751
3233407
3234033
3234838
3237420
3237849
3239337
3239558
3240006
3240180
3240708
3242361
3246352
3246367
3247321
3248312
3250065
3250925
3251673
3253164
3255041
3255051
3256752
3257379
3258608
3260252
3261548
3261550
3262081
3262330
3263591
3263903
3264982
3265774
3267304
3270310
3272848
3273103
3273712
3274069
3278387
3278644
3280754
3282547
3282741
3283564
3283565
3287016
3288125
3289394
3289790
3290000
3291551
3293399
3294223
3295580
3296204
3299177
3303044
3305700
3306357
3309671
3310073
3310554
3312117
3314108
3317700
3318855
3318952
3322233
3323709
3324120
3324357
3326354
3327421
3332737
3333024
3334029
3334495
3335942
3336572
3337174
3337963
3338644
3339637
3340115
3340507
3340727
3340845
3341683
3342306
3342987
3344717
3345615
3346315
3346346
3346548
3346789
3348276
3349848
3349987
3350161
3350371
3351238
3352088
3353283
3353806
3354702
3355203
3355853
3356706
3356734
3358435
3359863
3360419
3360587
3360650
3361682
3364763
3366315
3366669
3366703
3367121
3367636
3368777
3369728
3370359
3371228
3371891
3374754
3375360
3376603
3377898
3378948
3380011
3382135
3383514
3384010
3384085
3384602
3384948
3387157
3387643
3387852
3387856
3388838
3389195
3390138
3390323
3390648
3391627
3392535
3394202
3394336
3394845
3398383
3399754
3400953
3401858
3402982
3403286
3405319
3405783
3407238
3407796
3407913
3408213
3409088
3411424
3413440
3415137
3415140
3415796
3417412
3418084
3418574
3419219
3420734
3422567
3422938
3425984
3426243
3426849
3426900
3428815
3429016
3429650
3431161
3431982
3434507
3441570
3441935
3442468
3442590
3442778
3444636
3445809
3446060
3446065
3446353
3446807
3447632
3448564
3449052
3450430
3450687
3452490
3452834
3453043
3454299
3454568
3457475
3458794
3459963
3464154
3465793
3466272
3466502
3468370
3468811
3469093
3469169
3470105
3470388
3470657
3471922
3472094
3474885
3475340
3475523
3475536
3476232
3476383
3477544
3478434
3478616
3479126
3480664
3483557
3483580
3484526
3486033
3486102
3491484
3493397
3493656
3494064
3497162
3502044
3504577
3506598
3507293
3507886
3510288
3510423
3512853
3513701
3514944
3515255
3516248
3516332
3517316
3517918
3518395
3518839
3519295
3519758
3520522
3520547
3520621
3520626
3521118
3521171
3524102
3524499
3526280
3527197
3529699
3532148
3532803
3533501
3533682
3533779
3535025
3535838
3536326
3536777
3537478
3537589
3539704
3540415
3541139
3543184
3543617
3543918
3546147
3546544
3546989
3548668
3550743
3551070
3551370
3552356
3553384
3553544
3554277
3554677
3554926
3558545
3558780
3560421
3562439
3563416
3566389
3567281
3567549
3569164
3569422
3569531
3569653
3572755
3574477
3575870
3576135
3576485
3577436
3579482
3580613
3585314
3585870
3586084
3586633
3589118
3589533
3590102
3590582
3591668
3592146
3593556
3594297
3594921
3595669
3598010
3599894
3602338
3603484
3603680
3604128
3607450
3607488
3609330
3609524
3610673
3612365
3614941
3616607
3616647
3616856
3616991
3618086
3618764
3618930
3619565
3622201
3623062
3624549
3626225
3626649
3626672
3630331
3631304
3633834
3635160
3637715
3638539
3640623
3640933
3643811
3644760
3644931
3645172
3645180
3646403
3647992
3650919
3652414
3653880
3654579
3655356
3655777
3656838
3657541
3657573
3659722
3660940
3663917
3664338
3664903
3666525
3666842
3666931
3667394
3668136
3669507
3671004
3671175
3671545
3672603
3673288
3674286
3674549
3676367
3678843
3679591
3680314
3681019
3681115
3681195
3681284
3683039
3684531
3685993
3688530
3688734
3690350
3692601
3694634
3697107
3697296
3697401
3698379
3699685
3699871
3700025
3700514
3700592
3700926
3702106
3703113
3704207
3704361
3705235
3706007
3708297
3708481
3709668
3710242
3711087
3712363
3713654
3713925
3716501
3716584
3716988
3717362
3717770
3720299
3720687
3722641
3724560
3725179
3725978
3726098
3726916
3726955
3728326
3728795
3729376
3730545
3730635
3731363
3731818
3731991
3733840
3736121
3736395
3739628
3739945
3740036
3741740
3744423
3744854
3745298
3746463
3746820
3750560
3754238
3754647
3754845
3757843
3759700
3761823
3761958
3762150
3762204
3763253
3763487
3766215
3766269
3766741
3766824
3767135
3767293
3768844
3769795
3769851
3771676
3772246
3772642
3773783
3776077
3776753
3780654
3782209
3782763
3783105
3784075
3784649
3784650
3785186
3785409
3786141
3786401
3787304
3787716
3789081
3789255
3789527
3789737
3794319
3794852
3795715
3796108
3796232
3796608
3800761
3801288
3803231
3803691
3804769
3807191
3810582
3815608
3816534
3816586
3817030
3817541
3817726
3818133
3818418
3819259
3820869
3821548
3823498
3824490
3824620
3827527
3828258
3828861
3831990
3832222
3833486
3834713
3837070
3838024
3840714
3841005
3841091
3842150
3842788
3845464
3847954
3850140
3853123
3853765
3854842
3854922
3855635
3856420
3857587
3858604
3859072
3859820
3860617
3860684
3860745
3861738
3863356
3864570
3867786
3872547
3874049
3874066
3875838
3878226
3878365
3879150
3879923
3882808
3883465
3883526
3886793
3887183
3888118
3889890
3890733
3894044
3894730
3895376
3895475
3896008
3897818
3899161
3899452
3900918
3902479
3902772
3903402
3903632
3904421
3905100
3905582
3905912
3906109
3906349
3906904
3908850
3908993
3909053
3909069
3909752
3910970
3915256
3916201
3917305
3918463
3918527
3919346
3920186
3921224
3921514
3922352
3922880
3923148
3925917
3926181
3928281
3928578
3930196
3931560
3932320
3934149
3934345
3934808
3936305
3936391
3937929
3938791
3938956
3939290
3939985
3940319
3940441
3942645
3946066
3946691
3947676
3950370
3950793
3951390
3953366
3953417
3955699
3956154
3958384
3958849
3959345
3960113
3961055
3961312
3961601
3962012
3962709
3962858
3963933
3964499
3964626
3965789
3965830
3966072
3967662
3968669
3971774
3971793
3971899
3972005
3972370
3974590
3975295
3977883
3978185
3978534
3979651
3982698
3985095
3985398
3985919
3986190
3986941
3986975
3990936
3991389
3991829
3992095
3992909
3993055
3994050
3994266
3995789
3999003
4000351
4001087
4001116
4002042
4002120
4002586
4002629
4003592
4003671
4004485
4006173
4006492
4007754
4010074
4010801
4012581
4013879
4014011
4014060
4014486
4014745
4015307
4015476
4017343
4019180
4019771
4020206
4021093
4021419
4024269
4027148
4027876
4029047
4031599
4031966
4032368
4032585
4032805
4034453
4035113
4035998
4037710
4038654
4038756
4040453
4040883
4041154
4041494
4041658
4042775
4042786
4044680
4045421
4045872
4049009
4049282
4055688
4056398
4056679
4057108
4059047
4059048
4060441
4061034
4063384
4064263
4065012
4065372
4066006
4067204
4067770
4069884
4070038
4070650
4071537
4072543
4074336
4074489
4076817
4077673
4078362
4079421
4080351
4081447
4081983
4082173
4082836
4086019
4086407
4087678
4088109
4088457
4089126
4090740
4091349
4092180
4093379
4096953
4097480
4098412
4101689
4102862
4102892
4105605
4105957
4106228
4107245
4107483
4107776
4108369
4108603
4109158
4110434
4112546
4113127
4114298
4115227
4115720
4117989
4118725
4120259
4122525
4122665
4123584
4125991
4126595
4129836
4130133
4130808
4131319
4132498
4133011
4134741
4135904
4137094
4137722
4138170
4140345
4140479
4141290
4146548
4146693
4146852
4147994
4148725
4150551
4150624
4150931
4151780
4152322
4152562
4152891
4153279
4154272
4154597
4156449
4157165
4157921
4158351
4159166
4159388
4161539
4163551
4163555
4163953
4164420
4164624
4164755
4165071
4165165
4165284
4166084
4166404
4166421
4169769
4170429
4171713
4171761
4172867
4173551
4174559
4176895
4177013
4179399
4179788
4180005
4180853
4185752
4186414
4186600
4187652
4187788
4188889
4189194
4189267
4191056
4191831
4191903
4192561
4194038
4194357
4194700
4195637
4195684
4195951
4196677
4200476
4200835
4201173
4203716
4204309
4204459
4204466
4204819
4205279
4205840
4205877
4205984
4209218
4210645
4213115
4215523
4216804
4217486
4217853
4218028
4220919
4221936
4222820
4224638
4226115
4226314
4226854
4227787
4227836
4228713
4232413
4234408
4234550
4234874
4235884
4239295
4240244
4240303
4240720
4242475
4243311
4244348
4244844
4246497
4249882
4249899
4250268
4251016
4255251
4255545
4255656
4257682
4261032
4262908
4264422
4266245
4266266
4266272
4266545
4268417
4269083
4270103
4270292
4273534
4275844
4276341
4277642
4278117
4278461
4280137
4280939
4282525
4283671
4283960
4285846
4286905
4287143
4287493
4291430
4293157
4293691
4293936
4294434
4298752
4299055
4299058
4299767
4302415
4302460
4304875
4306005
4307726
4311001
4311242
4314727
4316188
4316638
4317226
4317391
4322289
4323142
4323377
4323737
4325249
4325497
4325537
4326615
4327037
4327419
4329406
4332524
4332877
4334434
4335179
4339392
4339457
4339561
4339593
4340101
4340909
4342289
4345236
4346322
4346875
4348512
4349442
4350628
4351203
4352450
4354311
4355775
4356372
4357055
4357990
4358202
4358838
4362201
4364698
4364723
4364874
4365833
4366937
4366969
4368887
4368907
4369510
4371458
4372416
4373391
4373482
4374922
4375063
4375250
4375632
4378351
4378701
4380657
4380995
4381125
4381318
4382463
4383091
4383935
4384401
4384902
4388133
4388275
4389135
4390014
4391883
4391992
4392083
4392266
4394880
4395611
4398338
4398739
4401559
4403218
4404991
4406118
4406989
4408072
4409307
4409875
4411563
4412076
4412305
4413951
4416038
4416344
4417373
4417710
4418267
4418274
4418934
4418967
4419132
4424046
4425123
4428914
4431282
4431477
4433204
4435176
4435261
4435820
4436878
4437001
4437118
4437920
4437923
4438490
4440025
4440189
4440339
4443951
4445763
4446036
4446095
4446344
4446912
4447210
4448564
4449324
4449368
4449526
4450404
4452128
4452763
4453786
4454861
4456272
4456445
4456573
4459646
4459984
4463001
4464094
4466142
4467052
4470062
4471188
4471581
4473122
4474830
4476257
4476583
4477211
4478422
4479144
4479152
4479421
4480460
4480989
4482413
4484964
4485272
4485520
4485722
4487028
4487430
4487442
4487758
4491946
4493758
4494430
4495219
4495824
4501484
4501921
4502929
4503118
4504038
4504336
4505300
4505722
4506097
4508325
4509119
4510085
4511711
4513429
4514342
4514473
4515751
4516344
4517272
4517895
4518413
4519776
4519920
4520117
4521644
4524723
4525929
4526314
4527477
4528972
4528994
4529464
4531230
4531949
4535319
4537157
4545223
4545782
4547499
4547530
4548220
4548852
4550787
4550953
4551347
4551832
4554325
4554970
4557052
4558623
4560602
4561067
4561139
4562662
4563077
4565128
4565653
4567533
4569244
4570355
4572250
4573311
4574378
4574649
4575347
4576678
4576682
4577446
4579094
4579723
4580400
4580506
4582979
4583814
4584412
4584424
4584716
4585262
4585666
4585697
4586302
4587308
4587772
4587856
4588489
4589036
4590177
4590865
4591031
4592340
4593203
4593537
4595168
4596579
4597283
4597554
4597569
4602180
4602459
4603979
4604524
4604751
4605016
4606139
4606274
4606980
4608259
4609255
4609384
4611266
4613105
4613428
4614002
4614226
4616316
4617358
4617376
4619177
4620085
4620682
4621132
4623138
4624635
4627541
4628469
4628522
4629452
4629550
4629792
4629871
4632190
4633880
4634662
4635017
4636946
4637641
4637668
4638619
4638893
4639031
4641409
4641917
4641923
4643299
4645358
4646746
4649727
4650930
4651899
4652111
4652512
4652716
4653119
4653581
4653591
4653927
4655136
4659599
4660240
4661529
4661907
4662844
4662942
4663623
4665960
4666187
4666692
4666702
4667265
4667852
4668371
4669851
4671743
4672073
4672762
4673212
4673599
4674183
4675638
4679008
4679639
4680950
4682726
4682940
4683223
4683710
4687895
4688532
4688687
4691405
4691890
4692934
4693260
4693862
4693941
4694689
4695180
4698850
4700872
4702093
4702656
4703436
4703624
4703878
4705338
4707756
4707954
4710310
4711201
4713268
4713926
4714408
4715824
4716653
4719620
4720376
4721406
4723078
4723173
4724912
4727085
4727345
4727774
4728578
4728772
4731119
4733096
4734685
4735492
4736323
4737283
4738845
4742531
4743032
4743227
4745083
4745250
4746166
4746702
4747180
4747402
4747930
4748621
4748945
4750117
4751739
4752087
4752426
4752443
4752935
4754542
4755579
4756043
4757902
4758210
4760225
4761145
4761669
4763519
4764956
4765539
4766421
4766683
4767195
4767670
4769447
4770422
4771113
4771138
4772070
4772818
4773013
4773713
4774152
4774942
4775640
4776085
4780177
4780297
4780430
4781295
4782563
4782589
4782670
4783807
4785643
4785687
4787407
4787427
4788474
4791184
4793722
4794062
4795781
4796850
4797075
4798393
4799841
4800144
4801541
4806156
4806467
4807067
4807802
4808610
4809835
4811005
4811072
4811968
4812035
4813037
4813613
4815809
4816353
4816582
4818203
4819172
4819919
4821026
4821419
4825620
4825636
4825658
4825775
4826554
4826621
4828304
4830358
4831200
4832019
4832327
4833542
4833597
4834292
4835492
4836389
4837546
4838090
4839473
4839738
4841933
4842082
4842475
4843084
4844933
4845129
4845843
4848684
4852112
4852800
4853035
4854206
4855124
4856117
4856386
4856449
4857259
4858523
4858602
4859883
4861752
4862493
4862651
4862980
4864699
4868629
4868949
4871470
4872986
4873580
4874908
4875059
4875114
4875279
4876342
4877187
4878387
4879280
4881775
4882155
4883242
4883538
4883940
4885179
4886520
4886733
4887726
4888148
4889688
4890476
4890613
4890840
4892153
4893311
4893511
4894806
4895783
4896386
4896624
4897094
4898671
4900455
4901010
4901239
4903382
4907261
4909595
4912917
4914425
4917831
4918567
4918715
4921894
4922335
4922381
4923149
4924115
4925168
4925360
4928582
4928878
4930202
4932187
4933359
4934928
4935413
4935483
4935567
4935599
4936453
4936726
4939543
4941179
4941189
4941719
4942041
4942868
4944490
4946450
4947563
4947745
4947882
4948917
4949685
4949909
4950084
4951043
4951131
4951637
4951651
4951988
4952504
4953150
4955170
4955645
4956530
4957359
4958372
4958621
4959422
4960015
4960271
4960564
4961432
4962539
4962567
4963914
4966428
4970190
4973336
4975954
4976369
4977931
4979872
4988206
4988757
4989554
4989928
4990112
4990296
4990361
4993143
4993696
4994727
4998957
4999260
5000018
5000558
5003003
5005578
5005700
5005706
5006190
5007018
5007072
5007595
5007984
5008781
5008935
5009306
5009888
5012883
5013251
5013715
5013906
5014212
5014930
5018095
5018975
5019770
5020319
5020671
5021033
5021328
5022154
5022741
5024207
5024342
5025126
5026630
5026983
5027078
5028286
5028724
5029008
5029651
5031294
5031638
5032437
5032739
5033115
5033738
5036006
5036433
5037049
5037595
5037789
5037929
5038238
5038571
5038767
5039762
5040020
5040467
5041225
5041569
5043230
5043874
5045519
5048065
5048564
5049101
5051155
5051895
5052144
5052478
5052539
5053293
5055785
5055825
5056101
5056977
5057845
5058857
5058905
5059333
5059717
5060517
5060776
5060836
5062767
5062779
5064062
5064152
5064462
5065810
5066600
5068298
5068701
5068760
5069153
5069909
5070402
5071208
5072059
5072192
5075231
5075395
5077267
5077736
5078288
5078724
5079345
5080140
5080483
5080553
5080612
5080688
5084244
5084418
5085186
5086491
5086650
5087374
5087859
5089336
5093108
5094433
5097514
5098175
5098672
5098752
5098837
5099302
5101462
5101515
5101655
5101803
5102363
5103880
5105693
5106390
5109503
5109570
5110305
5110555
5111102
5111313
5111753
5111869
5113416
5114011
5114309
5115582
5115785
5115834
5118265
5119031
5119801
5120195
5120253
5123426
5123430
5124763
5124966
5125594
5126237
5126646
5128149
5128383
5131265
5133811
5135759
5137284
5142132
5142147
5143048
5144280
5144785
5147152
5147356
5147639
5152035
5156264
5157791
5159172
5159230
5160869
5161977
5162867
5163566
5164208
5165171
5167027
5167981
5168426
5168761
5168814
5169066
5170227
5170258
5171716
5171869
5172103
5172545
5172822
5173311
5174418
5174467
5176450
5178697
5181610
5181620
5181912
5182338
5183033
5183902
5184132
5185050
5188664
5188935
5189026
5189037
5190378
5192009
5192855
5193922
5195254
5195935
5196863
5199374
5202210
5202636
5203780
5204824
5205543
5206200
5206955
5207508
5207779
5207974
5210006
5212643
5213522
5214340
5214457
5216863
5217344
5217400
5218367
5219779
5220872
5224048
5225481
5227335
5227389
5228407
5228902
5229731
5232651
5233774
5234607
5236039
5236161
5236326
5236888
5238726
5240913
5241884
5242022
5242203
5242557
5242875
5243275
5243691
5244264
5245463
5246354
5246485
5246854
5249548
5249960
5250195
5251441
5252285
5252524
5254384
5254872
5255791
5255795
5255956
5257165
5257190
5257514
5258048
5258152
5258215
5259356
5261415
5262632
5262886
5262932
5263378
5263895
5265911
5266448
5266549
5266630
5267145
5268604
5271120
5271130
5272037
5272748
5273013
5274512
5276177
5276424
5276495
5276722
5277427
5277776
5279418
5281544
5283223
5284972
5287423
5288577
5291817
5292423
5292472
5293259
5293931
5294016
5294819
5295749
5296376
5297024
5297082
5299086
5299951
5300362
5302632
5303930
5304573
5305130
5305630
5305659
5307189
5307645
5307805
5308033
5308382
5309530
5309796
5309820
5310229
5311628
5312100
5312692
5312979
5314007
5316334
5317433
5318720
5318841
5319061
5321470
5323132
5323376
5323702
5324793
5326702
5327414
5328403
5331091
5331563
5332789
5334342
5334600
5335094
5335227
5336123
5337290
5338112
5338793
5340253
5340799
5343290
5344047
5346113
5346644
5346688
5347182
5347476
5349877
5350316
5350413
5353876
5354241
5354444
5357240
5357242
5358628
5360633
5361758
5361793
5362719
5363359
5363836
5364506
5367620
5369404
5371047
5372365
5372622
5373956
5375942
5376490
5376808
5379342
5379509
5379867
5379868
5380354
5381096
5383277
5383479
5384429
5386463
5388299
5389033
5394323
5395382
5395626
5395804
5396173
5396194
5398528
5398941
5399296
5399642
5402667
5403886
5404139
5405343
5405839
5406444
5407373
5407658
5408662
5409332
5412330
5412383
5412444
5412833
5413349
5413664
5416051
5416778
5419028
5420100
5421907
5422534
5423167
5423634
5425211
5425820
5425946
5426063
5426605
5426773
5428072
5428919
5429135
5430006
5430463
5431983
5434540
5437011
5437072
5438436
5439471
5439759
5440561
5441761
5442103
5442241
5443037
5444432
5446792
5447428
5448586
5448705
5450844
5451176
5452832
5453426
5454109
5454894
5455706
5455972
5456223
5456436
5457472
5458938
5459913
5461406
5464086
5467186
5467463
5468907
5469119
5469592
5470706
5471332
5471499
5471590
5472441
5473593
5474513
5475520
5475691
5477774
5481437
5481960
5482263
5482325
5483324
5483562
5485409
5488001
5488523
5491002
5491114
5491198
5491819
5492066
5492998
5493461
5495887
5497568
5499465
5500359
5501583
5501696
5502353
5503032
5504863
5504900
5504979
5506176
5507321
5508733
5510598
5510922
5512314
5512415
5513312
5513962
5514013
5514500
5517042
5517883
5523202
5523472
5523752
5524481
5524500
5525702
5526866
5528792
5530194
5530541
5531293
5533187
5533643
5534221
5539837
5540252
5540652
5540684
5540763
5540893
5541407
5541983
5543670
5545118
5545923
5546608
5547958
5549757
5550757
5551268
5551494
5553084
5554374
5554845
5555122
5555698
5555772
5556084
5557278
5557792
5557798
5557966
5558579
5561547
5561881
5561900
5562484
5562703
5563269
5565260
5565326
5565503
5565572
5567967
5568081
5568772
5569576
5569946
5570816
5573147
5573679
5575607
5577416
5578736
5580596
5581020
5582152
5583476
5584506
5585238
5586214
5587495
5587964
5589238
5590741
5591559
5591674
5591986
5592886
5594190
5595355
5595492
5596150
5596369
5596685
5599527
5600104
5601074
5608533
5608665
5610127
5611860
5613782
5614484
5614605
5615431
5615941
5619187
5619820
5620552
5620658
5621073
5622132
5622207
5623525
5623607
5625238
5627359
5628818
5630978
5631448
5632022
5632941
5634586
5635087
5635321
5636598
5639317
5639966
5641903
5643410
5643418
5643798
5646375
5646557
5647119
5649968
5651204
5654424
5655803
5655878
5659678
5660436
5660743
5660802
5662319
5662526
5663388
5663891
5664316
5665977
5666248
5666591
5667733
5667933
5668452
5669584
5669639
5669869
5672134
5675742
5675793
5676858
5677129
5677780
5678044
5678849
5679880
5680114
5681296
5682181
5682698
5683095
5686328
5687145
5687440
5688090
5688907
5690033
5690043
5690441
5692259
5692553
5696087
5696526
5697818
5698561
5701191
5701271
5701311
5702160
5703524
5703681
5705306
5706197
5707197
5707484
5708243
5708456
5709506
5709692
5709938
5714198
5715319
5716097
5716146
5716235
5716988
5717708
5718584
5719285
5724909
5725334
5726400
5726640
5727022
5727097
5730290
5731597
5733317
5733527
5734220
5734590
5736345
5737688
5738565
5740356
5741177
5743294
5748465
5749046
5749069
5749933
5750028
5750102
5751103
5752034
5752216
5752576
5752912
5755703
5755884
5755892
5756203
5757387
5758373
5759137
5761929
5763748
5764217
5764248
5764913
5765079
5765619
5766993
5767292
5767862
5768277
5768795
5768801
5768873
5769167
5769431
5770619
5771934
5773715
5774002
5775539
5775801
5777230
5777340
5777952
5778321
5779998
5780168
5780235
5784825
5786800
5787592
5788681
5789409
5790218
5790398
5790539
5791039
5791040
5791940
5792344
5793064
5794356
5797629
5799667
5800713
5802559
5805039
5805303
5807596
5811015
5812025
5815525
5816664
5816746
5817736
5818001
5818033
5818508
5824517
5825112
5826541
5827003
5827024
5828829
5829664
5832845
5834610
5835728
5836014
5837206
5837300
5837817
5840069
5841992
5843509
5843624
5843636
5843985
5844074
5848151
5848179
5848796
5849358
5850369
5851946
5853181
5853574
5855396
5855581
5861544
5862008
5865064
5865386
5866154
5866294
5867267
5867997
5869018
5871360
5873938
5877363
5877681
5880098
5880713
5882609
5885707
5889195
5890320
5890476
5891254
5891952
5892681
5893320
5894759
5895814
5896198
5897466
5897756
5897789
5897979
5898448
5899361
5899644
5900247
5901533
5902401
5903169
5904121
5904610
5905327
5907545
5908535
5908990
5909569
5910597
5910964
5911017
5914963
5917519
5918393
5919270
5920597
5920646
5920923
5922268
5923972
5924385
5924499
5931382
5932348
5932391
5933742
5936250
5936673
5937696
5938182
5939158
5941939
5943949
5944126
5944195
5946534
5947075
5950248
5952633
5952931
5952975
5956059
5957741
5958243
5959954
5960453
5960666
5961066
5962255
5962475
5963589
5964596
5965707
5966385
5966913
5968373
5969521
5972425
5973148
5973179
5974321
5981414
5982358
5986539
5986802
5989032
5990202
5991041
5991787
5995607
5995933
5996068
5996728
5998314
6001212
6001942
6003042
6003240
6004341
6004931
6005628
6005668
6007679
6007702
6009053
6009980
6010308
6011065
6013049
6014016
6014583
6016144
6016291
6017548
6017692
6018685
6019382
6019442
6019590
6021650
6022335
6022674
6023677
6023763
6024113
6024579
6024901
6027124
6027229
6027375
6027401
6027405
6031174
6031903
6032283
6032783
6033835
6035435
6038275
6038413
6039941
6041876
6042962
6043247
6043399
6043474
6043772
6044085
6044627
6044941
6046090
6046955
6047102
6049733
6049927
6050592
6051545
6052024
6053183
6053704
6054579
6054838
6055334
6055937
6057663
6058222
6058670
6059317
6060108
6060776
6060792
6061063
6063525
6064491
6064832
6066680
6067228
6067286
6069317
6069566
6069650
6069742
6070468
6070880
6071696
6073292
6074006
6075878
6076506
6077092
6077140
6077878
6082121
6082139
6082891
6083379
6084862
6087061
6087100
6087698
6089179
6089806
6090096
6090115
6092894
6095071
6095349
6095738
6095875
6097414
6097668
6099518
6102041
6102492
6104651
6105194
6106512
6106747
6108168
6110145
6110622
6111514
6111929
6115185
6117837
6120868
6121355
6121835
6123944
6124083
6124992
6128174
6128662
6129645
6130603
6133266
6133596
6133857
6134489
6136687
6136730
6136825
6136988
6137418
6138070
6139188
6139410
6145971
6146400
6147341
6147725
6148229
6150383
6154919
6156398
6156735
6158628
6159129
6162658
6162857
6163058
6164643
6164902
6165827
6166363
6166651
6166661
6167297
6168777
6169603
6169641
6169672
6171347
6172675
6174337
6176462
6177044
6177975
6178606
6179919
6180018
6181227
6183568
6183722
6183841
6184958
6186297
6186390
6187940
6189034
6189302
6189439
6190456
6191135
6191944
6191986
6194416
6194532
6195728
6196363
6197531
6198093
6199635
6200623
6201361
6201492
6201541
6202069
6203657
6206350
6208460
6210098
6210606
6211142
6213902
6214624
6215633
6216461
6216632
6217147
6219396
6220742
6221581
6222689
6223751
6224540
6224691
6225647
6227644
6227905
6231009
6231035
6232188
6232293
6234137
6235796
6236418
6238503
6238933
6239485
6241348
6243511
6245146
6246319
6247000
6248445
6248518
6248955
6249378
6251562
6251976
6254683
6254777
6255068
6255418
6256474
6257547
6258139
6258766
6259602
6260091
6260332
6261229
6261268
6261294
6262974
6263022
6263036
6264956
6266039
6267268
6267813
6268384
6268704
6271672
6272644
6272839
6273172
6273233
6273997
6274032
6276479
6276684
6278297
6278533
6278962
6279004
6279143
6279729
6282392
6282411
6283463
6285495
6285607
6286425
6286506
6288789
6289990
6290752
6291957
6292514
6293920
6294347
6294684
6295495
6296605
6297287
6297691
6298619
6299138
6300065
6300387
6302286
6302626
6304004
6304414
6306753
6307535
6309161
6310431
6311494
6312844
6313749
6313879
6314548
6315953
6316209
6317557
6318411
6319298
6319630
6320122
6320310
6322070
6324856
6325183
6326357
6326402
6327627
6327828
6327855
6328336
6328534
6330138
6330379
6331639
6331646
6333337
6336179
6337047
6337233
6337385
6337911
6338393
6345068
6345333
6347794
6348231
6349097
6350486
6350753
6352396
6352484
6353173
6353742
6355220
6357071
6357268
6357547
6357590
6358113
6358385
6359295
6360307
6360682
6361002
6362994
6363203
6365745
6366205
6368883
6370211
6371160
6371999
6372653
6373495
6374122
6375341
6375499
6376562
6377459
6377917
6378535
6378615
6378822
6379599
6381619
6381684
6381734
6382895
6384961
6385526
6386444
6387106
6387623
6389943
6390162
6390515
6391073
6392547
6393310
6394713
6394729
6395997
6396087
6397463
6398231
6398370
6398678
6399057
6399154
6399588
6399761
6400271
6401281
6401599
6401806
6401894
6402509
6403032
6403346
6405029
6405244
6406756
6408965
6409080
6410129
6410589
6412371
6415119
6415127
6416943
6417066
6417252
6417985
6418028
6419516
6420191
6420993
6421134
6422127
6422144
6422301
6423230
6424918
6425184
6425329
6425930
6426265
6426403
6426846
6428475
6430982
6433891
6433986
6434909
6435310
6435505
6435734
6436241
6437584
6439371
6439870
6441109
6441514
6441777
6442089
6442986
6443078
6443916
6444964
6445196
6447920
6448284
6449562
6450545
6452434
6453568
6453607
6454030
6454081
6454441
6455324
6455555
6455837
6456309
6456854
6457158
6457202
6460044
6462506
6463219
6464782
6464817
6466977
6471232
6473923
6474085
6474228
6474950
6477326
6477894
6478792
6481857
6483284
6484783
6485471
6485495
6486822
6488605
6490068
6490791
6492570
6494562
6495644
6496727
6498324
6499457
6499587
6499771
6500504
6501017
6501626
6502088
6502651
6506196
6510106
6511061
6511121
6511223
6511503
6512001
6514172
6515956
6516590
6516648
6517332
6517462
6517997
6519046
6519465
6519606
6520284
6520383
6520395
6522436
6523581
6523941
6524435
6526217
6527687
6528076
6528399
6528964
6529468
6534336
6534756
6535788
6535837
6536772
6538471
6540534
6542102
6542286
6542823
6542890
6543005
6544296
6544871
6548160
6549342
6550190
6550726
6551231
6553489
6553787
6554564
6555386
6557366
6557976
6559766
6560950
6561407
6561657
6562142
6562471
6565434
6565976
6566347
6569981
6572195
6572491
6573445
6574301
6575272
6575963
6577959
6581459
6583744
6585029
6585795
6587312
6588425
6589940
6590872
6591477
6591709
6591805
6592357
6592651
6592683
6592730
6593035
6594429
6594565
6597509
6597913
6600153
6601736
6602695
6605473
6606405
6606809
6608607
6610562
6611593
6612751
6613071
6614724
6615594
6615632
6616116
6617330
6619156
6619862
6621123
6621913
6622840
6623350
6623718
6623837
6625890
6626953
6626978
6628072
6628900
6629401
6631419
6632115
6632241
6632348
6633663
6634639
6636771
6636992
6637254
6637601
6638609
6639863
6640184
6640300
6640518
6640561
6642099
6642917
6644605
6645223
6647878
6649508
6649981
6651393
6654381
6654595
6654757
6655090
6655572
6656950
6658793
6658817
6659586
6660463
6660764
6661319
6661748
6662074
6663113
6666510
6667458
6668174
6668395
6668663
6669032
6669861
6669916
6671743
6672565
6675150
6675310
6676832
6676912
6677903
6678001
6679508
6679674
6680015
6681090
6681351
6681433
6682298
6684074
6685149
6685239
6686174
6689354
6689582
6689827
6691735
6692721
6692945
6693979
6697318
6698083
6699844
6700828
6701385
6704473
6705062
6705490
6705523
6707501
6711251
6711882
6713657
6714837
6715084
6716130
6718433
6718473
6720296
6720644
6720647
6720828
6721201
6721360
6721705
6721990
6722755
6723930
6724045
6724393
6724584
6724865
6726402
6726758
6728249
6728339
6730428
6734157
6737011
6738019
6738231
6738583
6739123
6739741
6741049
6741225
6744488
6744585
6744899
6746781
6748892
6749095
6749490
6751088
6751158
6752972
6754864
6755367
6757085
6758714
6760781
6765480
6765865
6767404
6767679
6767788
6767819
6768215
6768594
6774229
6774826
6776531
6776956
6777264
6777894
6779646
6780932
6781307
6782844
6783308
6784575
6784725
6785090
6785437
6785511
6786479
6787310
6787429
6788043
6790959
6792537
6795314
6795568
6796309
6797028
6799441
6800317
6800818
6801762
6802338
6802428
6802999
6803292
6806281
6807497
6808088
6808902
6809300
6812009
6812097
6812810
6813102
6815076
6816395
6817881
6818496
6818732
6820148
6820186
6821919
6824064
6824657
6826244
6826774
6828441
6829332
6829609
6830585
6831185
6832964
6833061
6836611
6838023
6838382
6838943
6844947
6845845
6847048
6849452
6850067
6850944
6851404
6851696
6853787
6853897
6854988
6855503
6855954
6858012
6858317
6858398
6859282
6859648
6861089
6864135
6864256
6865099
6865417
6866576
6867070
6869154
6869609
6870390
6872422
6874568
6875379
6878299
6879264
6880270
6881198
6883025
6883963
6884990
6891524
6891662
6891998
6892225
6892714
6893063
6893107
6893590
6893744
6897060
6897151
6897247
6899609
6899659
6900102
6900204
6901115
6905438
6905652
6906258
6907041
6907115
6907345
6907400
6907781
6908201
6911031
6912082
6912120
6912738
6913081
6913101
6915632
6917152
6917892
6917972
6918793
6919359
6919567
6922203
6923193
6923579
6924719
6926017
6927377
6928115
6928320
6928341
6929315
6929728
6929943
6930789
6931114
6931725
6932818
6933143
6934046
6935859
6936404
6938373
6938388
6938755
6941705
6942580
6942639
6943579
6944595
6944979
6945543
6945583
6946088
6946441
6946457
6948850
6949018
6949543
6951039
6953166
6953189
6953658
6954096
6954391
6956063
6956372
6960328
6960607
6960756
6960815
6961478
6961578
6962689
6963429
6965133
6965641
6969667
6969792
6970771
6970985
6972774
6972975
6973121
6973953
6974052
6975124
6975534
6976304
6976731
6976896
6978168
6978536
6978909
6979059
6979148
6979786
6982241
6983050
6983542
6983626
6984768
6986351
6987842
6988074
6988325
6988386
6988821
6988844
6989166
6992286
6992333
6993453
6993768
6994796
6995376
6998405
6998729
7000050
7001691
7001908
7004117
7005748
7005797
7007639
7007741
7009048
7010185
7010946
7015136
7016631
7016887
7016965
7017921
7018429
7019808
7022366
7023480
7023963
7024028
7024541
7025967
7026061
7026730
7030010
7030765
7031212
7031780
7032125
7033426
7033593
7033690
7034775
7035849
7038277
7038374
7039412
7039616
7040612
7041170
7042991
7043341
7043503
7043620
7047416
7047472
7048611
7048838
7050508
7052503
7053918
7054359
7057906
7060918
7061035
7061051
7062546
7063325
7063478
7064924
7066104
7071943
7072684
7074662
7075324
7075620
7075907
7076906
7077958
7077999
7078673
7080061
7080237
7080306
7081010
7082668
7084001
7085252
7086125
7086467
7087324
7087739
7087921
7088983
7090293
7091683
7092498
7094564
7095573
7095702
7095837
7096887
7097413
7097623
7097946
7098909
7099076
7099712
7101036
7101643
7103052
7103580
7103845
7105832
7106183
7106413
7106422
7106470
7108462
7108481
7109386
7109870
7110298
7110523
7110724
7112581
7113787
7113821
7114216
7115080
7115631
7115687
7117053
7118722
7121922
7125354
7126489
7127046
7128416
7128865
7130700
7132648
7132769
7132912
7136077
7138527
7138769
7141928
7142021
7142130
7142385
7145454
7147013
7147380
7148295
7148811
7149041
7150641
7151117
7151684
7153291
7154895
7154907
7158234
7159521
7159911
7161714
7163592
7164770
7165129
7165647
7165734
7165791
7167236
7169304
7170536
7173194
7174037
7174616
7175395
7175669
7176148
7176707
7177281
7178640
7179243
7180005
7182422
7182500
7183134
7183451
7185805
7186990
7187926
7189001
7189168
7190929
7193952
7194453
7194570
7195804
7196691
7197852
7199311
7201300
7201433
7202195
7202871
7203947
7204299
7205036
7206488
7206700
7208215
7210624
7212326
7212753
7215281
7215305
7215376
7215646
7217547
7221021
7221506
7221845
7223819
7224069
7224389
7224541
7224612
7225192
7225630
7225725
7229768
7230134
7230636
7231838
7233471
7235132
7235234
7235969
7236157
7236404
7239315
7242984
7244164
7244199
7245056
7245206
7245685
7246678
7246900
7247127
7248238
7249042
7250013
7251124
7251427
7253770
7256240
7256954
7258130
7261353
7261982
7263032
7263354
7264954
7267158
7271756
7273315
7275056
7275548
7275695
7276470
7276581
7276689
7277938
7278315
7279795
7280833
7282524
7283088
7284023
7284673
7285484
7286418
7289425
7289551
7290770
7292580
7292657
7293509
7293631
7294150
7296300
7297090
7297709
7297801
7300752
7301277
7302077
7304023
7304421
7304611
7304686
7306261
7307727
7309439
7311097
7311317
7312114
7312318
7312602
7312936
7314717
7315831
7315833
7316015
7316947
7317096
7318550
7318725
7319864
7321474
7322078
7326807
7327199
7329435
7330827
7331010
7331935
7333124
7333427
7337608
7339571
7339797
7340032
7342941
7342987
7343630
7343784
7344365
7344375
7345513
7348147
7349399
7350099
7350277
7350368
7351152
7351204
7351320
7351517
7352113
7355410
7356053
7357303
7359513
7359842
7360481
7362611
7364526
7364573
7364728
7366370
7367017
7367772
7369982
7372274
7373173
7374490
7375356
7376368
7377556
7377620
7377995
7379837
7380275
7381800
7383316
7383643
7385078
7385715
7387112
7388822
7389750
7389840
7391619
7391997
7393014
7393515
7394229
7395785
7396883
7399399
7400692
7403549
7404902
7405061
7407441
7407471
7408511
7410303
7410774
7410995
7411939
7412769
7412854
7413185
7413438
7413578
7414160
7414487
7416216
7416270
7416504
7417300
7417942
7418210
7419020
7419054
7419378
7421584
7421839
7421969
7422287
7423991
7424860
7425149
7425238
7427625
7428425
7431651
7432381
7432510
7433377
7433920
7434162
7434202
7434500
7434998
7438733
7439100
7439543
7441741
7443172
7443690
7444490
7445293
7446596
7446735
7447546
7448065
7448343
7448860
7452252
7452417
7452780
7452933
7454220
7454356
7457561
7458775
7459558
7460758
7461429
7462856
7463259
7464156
7464523
7466983
7467726
7467845
7468826
7469488
7470161
7470322
7471866
7473283
7473546
7473959
7475204
7475525
7476199
7477055
7478135
7478868
7478923
7479891
7480659
7481188
7481225
7481668
7482180
7482340
7482830
7484373
7485391
7485810
7486336
7486970
7487220
7487448
7490038
7490291
7491822
7492618
7493206
7493596
7494978
7495187
7498243
7500558
7501590
7502096
7503322
7507800
7517846
7519121
7520742
7520810
7521651
7523391
7525204
7526283
7526486
7528555
7529864
7529960
7530347
7530646
7531380
7531486
7531761
7533636
7534089
7534223
7535808
7536381
7536477
7538125
7538325
7539415
7539654
7541631
7542478
7542617
7542969
7545256
7545279
7546170
7547311
7548448
7548562
7548873
7549276
7549319
7550515
7550780
7550917
7551685
7554590
7555692
7556779
7558197
7558212
7558378
7558523
7558977
7560584
7560833
7561977
7563202
7564609
7565450
7566133
7566540
7568632
7568671
7569061
7571346
7574680
7574743
7575505
7575834
7576751
7578236
7578973
7581730
7581856
7581910
7581927
7582938
7583162
7583392
7584017
7584194
7584644
7586676
7589583
7590070
7590191
7590706
7590804
7592234
7593275
7595349
7596016
7596173
7597490
7599649
7601790
7602547
7602555
7603914
7604470
7604827
7606317
7606962
7606978
7607331
7607523
7607966
7608449
7609207
7610197
7610879
7610913
7611499
7611954
7612081
7612220
7612468
7612582
7615616
7617381
7617439
7617787
7618143
7618181
7621924
7622050
7622712
7623472
7624573
7627505
7627651
7627990
7628318
7628527
7628588
7628891
7629590
7630043
7630712
7630962
7633275
7633480
7633602
7633773
7636951
7639213
7639301
7639388
7639414
7640615
7640887
7641531
7643434
7646795
7649174
7649177
7650572
7650891
7651547
7653507
7653827
7653898
7655554
7657937
7658158
7659103
7659448
7659527
7662929
7663014
7663605
7663806
7664433
7665517
7665833
7665981
7666277
7666995
7667959
7669093
7669463
7670476
7670955
7671057
7672579
7673695
7676121
7676330
7676422
7676774
7678589
7679146
7679606
7679933
7680384
7681081
7681625
7681643
7681853
7683734
7684083
7684648
7684678
7686601
7686718
7688755
7690178
7691502
7691649
7693677
7694746
7696054
7696599
7696982
7698199
7698256
7699307
7700011
7700704
7700708
7702329
7704520
7705487
7706923
7707870
7710313
7710502
7711468
7711752
7711874
7713146
7713396
7714152
7718703
7719145
7720254
7720951
7721431
7722606
7723723
7725762
7727632
7727886
7728009
7729606
7731427
7731522
7732776
7733225
7733874
7734211
7735034
7736118
7736811
7738351
7738745
7740121
7740286
7741026
7741810
7744735
7745704
7746014
7746753
7749462
7750676
7751799
7751982
7753086
7753883
7755439
7757420
7758202
7758960
7759239
7761611
7762692
7762741
7763013
7763873
7765307
7765820
7766314
7767916
7768273
7768911
7773665
7774990
7775431
7776656
7777564
7778776
7779155
7779334
7780468
7780612
7783398
7783840
7784878
7787307
7788136
7788252
7788293
7788747
7789112
7789116
7789281
7789590
7792046
7793853
7795078
7795419
7795567
7795642
7796391
7796514
7798444
7799287
7799486
7800337
7800748
7801207
7801975
7802377
7802985
7805651
7805654
7807325
7808032
7808058
7810369
7813071
7815384
7816533
7816912
7818250
7818548
7819107
7822384
7823741
7826111
7827187
7828026
7829893
7831655
7831858
7832877
7834214
7835373
7836205
7837188
7838205
7839914
7841505
7841710
7841768
7844203
7852085
7852574
7852729
7853160
7855414
7856366
7857296
7858359
7859576
7862907
7863447
7864124
7864546
7866313
7866528
7867190
7868776
7869895
7870361
7871835
7872413
7872548
7872850
7873361
7875173
7876742
7876745
7877301
7879825
7880256
7882244
7883823
7885465
7887557
7887754
7888040
7889444
7890439
7893693
7894293
7894449
7895137
7896240
7896486
7896868
7897261
7897632
7898392
7898507
7898995
7899184
7900934
7901136
7901905
7902314
7903600
7905261
7905753
7907862
7909005
7910069
7910276
7912226
7913286
7913550
7914896
7918912
7920040
7920589
7922531
7922533
7924295
7925622
7926422
7926478
7927925
7930103
7932696
7935169
7935224
7935405
7936405
7937865
7938316
7938740
7938746
7939511
7939993
7941293
7941588
7942330
7942696
7943827
7944327
7945036
7945197
7945295
7946752
7948107
7948342
7949832
7950315
7950805
7950901
7952193
7952217
7954031
7956894
7959049
7959326
7959753
7960796
7962169
7962291
7962302
7962686
7963715
7964404
7965447
7965487
7966231
7966730
7966781
7967020
7967375
7971465
7972523
7972838
7972898
7972995
7973680
7973718
7973915
7974787
7977571
7979730
7980532
7980915
7981122
7981342
7981512
7983040
7983198
7983516
7983760
7984462
7986040
7986164
7986637
7987516
7988000
7988550
7988681
7989846
7990081
7990200
7990355
7990421
7991026
7993331
7994829
7995004
7995273
7996058
7999183
7999489
8000414
8002392
8003857
8004743
8005101
8009447
8010256
8010350
8012989
8014480
8014904
8014965
8017783
8019324
8021848
8022561
8023619
8023722
8024252
8024879
8025640
8025733
8027788
8028420
8030449
8030667
8031491
8033176
8034958
8035971
8035982
8036449
8036641
8036805
8037616
8038102
8040224
8040805
8042900
8044494
8044647
8044980
8047769
8049422
8049765
8050632
8052291
8052500
8058573
8059269
8060593
8061215
8062973
8064202
8065582
8067229
8068540
8071807
8072704
8072800
8073692
8075854
8076540
8078154
8078508
8078781
8080774
8081054
8082229
8084065
8085438
8086117
8086630
8087731
8088465
8088689
8088805
8089445
8089743
8089795
8090660
8091518
8092903
8094028
8094465
8094999
8095563
8097744
8097940
8098979
8099554
8101545
8102153
8102253
8102469
8103837
8104731
8106820
8106886
8107893
8108379
8111313
8111742
8111841
8113963
8114518
8116148
8123050
8123194
8123384
8123504
8124053
8124251
8124385
8124448
8125900
8127012
8127895
8129112
8129167
8130188
8130388
8131281
8131572
8132114
8132910
8132926
8132997
8135255
8135582
8137735
8137979
8140210
8140297
8142018
8142618
8143162
8143364
8143903
8146760
8147706
8147720
8148051
8151075
8151398
8152477
8152488
8153566
8155420
8156216
8157533
8158272
8159855
8161633
8162175
8164132
8164301
8164342
8164971
8164991
8165493
8165848
8167227
8168181
8169958
8170024
8173698
8173859
8178136
8178787
8178834
8178970
8179005
8179730
8180249
8181277
8184645
8184838
8184951
8185628
8186400
8188027
8189341
8191131
8191918
8192588
8193298
8196204
8196731
8196976
8197443
8197571
8197701
8197714
8197782
8199017
8200480
8200596
8201172
8202292
8203667
8203901
8204110
8205682
8207638
8207723
8207960
8209786
8209880
8211754
8212178
8213136
8213304
8213740
8214437
8214511
8214801
8214830
8218263
8219319
8219709
8219877
8222379
8223833
8224219
8225036
8225346
8226851
8228157
8228265
8228643
8230079
8230125
8230660
8230828
8230960
8232235
8234347
8234615
8235014
8235577
8236745
8236918
8237735
8240971
8242223
8244416
8245088
8245225
8245549
8245659
8248001
8248388
8248484
8248490
8249220
8249722
8249747
8249789
8249791
8250138
8252486
8253243
8253698
8254323
8254874
8255351
8257506
8257536
8258194
8260100
8261472
8262853
8264869
8265544
8268447
8268480
8270822
8270975
8272010
8272543
8273246
8277218
8278999
8279347
8279821
8280890
8283126
8283332
8284509
8284734
8286475
8288134
8288312
8289630
8289690
8289908
8290445
8290765
8292896
8293086
8294125
8294272
8299539
8299939
8301178
8301232
8302838
8302946
8303225
8304216
8305150
8309504
8309978
8310128
8310235
8311162
8312590
8314364
8315137
8316519
8318184
8318412
8318729
8320336
8320631
8323619
8323974
8324603
8324908
8327014
8327450
8328158
8328426
8329067
8333700
8333769
8337466
8339189
8340683
8342869
8342928
8344488
8344531
8344540
8344741
8346913
8347057
8347387
8347489
8348805
8349470
8350043
8350675
8350710
8353359
8353796
8355692
8356912
8357316
8357686
8359508
8361353
8361613
8361693
8362706
8363326
8364914
8365828
8367241
8367799
8367972
8368933
8368955
8370012
8371819
8372568
8373678
8375247
8375364
8375710
8376888
8376917
8378825
8381494
8381604
8381860
8382064
8383308
8385256
8385742
8385800
8386232
8386722
8387252
8389519
8389915
8392777
8393009
8394071
8395862
8396422
8396529
8396617
8398441
8399251
8399459
8399526
8399643
8400348
8401909
8406206
8407451
8409604
8411547
8412936
8417612
8418218
8418719
8419134
8419194
8419427
8422281
8422849
8423864
8424968
8425786
8426008
8427047
8427608
8428504
8428760
8428900
8430131
8430135
8430894
8431778
8432459
8432879
8435056
8436204
8436429
8436654
8437374
8441777
8444462
8444584
8445363
8445986
8446398
8446974
8448435
8451467
8453010
8453929
8453969
8457564
8458992
8459031
8459284
8459346
8460003
8461748
8462341
8462784
8464810
8464927
8466346
8466397
8466446
8467339
8467953
8468532
8468772
8469050
8469478
8470971
8472875
8474614
8474848
8477100
8477402
8478454
8479356
8479670
8479842
8479950
8480665
8481739
8482016
8482495
8484790
8485679
8487336
8487536
8488562
8488613
8489182
8490354
8491759
8493265
8494883
8499515
8499549
8500764
8500841
8502613
8504862
8507186
8507858
8508103
8509040
8511177
8511330
8511333
8511546
8511700
8512910
8512969
8513171
8514426
8515120
8516493
8516717
8517169
8517485
8517619
8518424
8519948
8521981
8526867
8527346
8528410
8528492
8528589
8531021
8531890
8533123
8533248
8535166
8535203
8535505
8536665
8537455
8537891
8541658
8542262
8546409
8546564
8548370
8548432
8549809
8551583
8552160
8555575
8561890
8562677
8563292
8563491
8563838
8564488
8565571
8566284
8567311
8567725
8569497
8569884
8569902
8570219
8571853
8573595
8575399
8576076
8577712
8578269
8580111
8580255
8580328
8581776
8582482
8582968
8584338
8584425
8584991
8586369
8594331
8594877
8595744
8597330
8598324
8598757
8599207
8600719
8600788
8600893
8601059
8603205
8603633
8608154
8608821
8609823
8610704
8610869
8611430
8611521
8612440
8612629
8612679
8613666
8614423
8614751
8616197
8620919
8621249
8621722
8624506
8625782
8626108
8627700
8628674
8630451
8632570
8633492
8635649
8635845
8636236
8638650
8638823
8639932
8644791
8644974
8646460
8646569
8646691
8646701
8646766
8647567
8647849
8648751
8650558
8653253
8653916
8654113
8655523
8656941
8659168
8659503
8659648
8660803
8663182
8663280
8664623
8665455
8665502
8667278
8667566
8667792
8668165
8670757
8671603
8672974
8673311
8673362
8673937
8677392
8677559
8678130
8678746
8679670
8679860
8683481
8684044
8685239
8686281
8686324
8686388
8688672
8689889
8692311
8693169
8693462
8694039
8695551
8697969
8699518
8699607
8702060
8702386
8703982
8704367
8705569
8705660
8705716
8706452
8706768
8709047
8712003
8712957
8714808
8714828
8715516
8717785
8718559
8718700
8718920
8719216
8719581
8719981
8720112
8720156
8720433
8722815
8723295
8723352
8725065
8725395
8728991
8729340
8729882
8732032
8733844
8734129
8734324
8734854
8735042
8735688
8736195
8738796
8739692
8739850
8741022
8742158
8742683
8742856
8743263
8745141
8745959
8746564
8747185
8748499
8748847
8753457
8753576
8753827
8756994
8757456
8758448
8762229
8763319
8763492
8766777
8767135
8767312
8767475
8768819
8768884
8769641
8769953
8770256
8770751
8770838
8772377
8774573
8775825
8775941
8776028
8776214
8776491
8776515
8776935
8777848
8778944
8779789
8780469
8782198
8782613
8785019
8787997
8788196
8788815
8790328
8790632
8790972
8792411
8792431
8793234
8795159
8795418
8796063
8796605
8797692
8797727
8797899
8799030
8801946
8802102
8802632
8804983
8807400
8809723
8811906
8812402
8812472
8813089
8814602
8814666
8816018
8816043
8816538
8818990
8819709
8820377
8821696
8821818
8822092
8822408
8823994
8825074
8825812
8826250
8828037
8829103
8829762
8831414
8831661
8832094
8832340
8832465
8832796
8833734
8836267
8837269
8838222
8840363
8840487
8842477
8846268
8848116
8849306
8852897
8853588
8854536
8854875
8855760
8856721
8861040
8861274
8863176
8863551
8872441
8872505
8874152
8874251
8874478
8875496
8877065
8877514
8882115
8882154
8882399
8882862
8885420
8886057
8888812
8888846
8889215
8891787
8893395
8894713
8895263
8896176
8897858
8898037
8899034
8899342
8900022
8900294
8900451
8901266
8902071
8902483
8906224
8907365
8907391
8909268
8909397
8909769
8910743
8910817
8910914
8911007
8911492
8912993
8913623
8915915
8916589
8918107
8919792
8920146
8923120
8923876
8924365
8924543
8927083
8929043
8930106
8930189
8930492
8931180
8932362
8934217
8934785
8935249
8937326
8937547
8937982
8937987
8939831
8941274
8941610
8944387
8945633
8945709
8947098
8950103
8950140
8950276
8950391
8951380
8952696
8953043
8953163
8953825
8955386
8955411
8957363
8957402
8958027
8958741
8959220
8960531
8960751
8961107
8961299
8961380
8963616
8965197
8965341
8966085
8966154
8967263
8968148
8969540
8969688
8970002
8971338
8973031
8974312
8975319
8976368
8977469
8978365
8980912
8981123
8983668
8984440
8985927
8986438
8986473
8986747
8988193
8989803
8990305
8990666
8990982
8991321
8993490
8994347
8995261
8995633
8996207
8996414
8997381
8998515
8999133
8999580
9000188
9002006
9002063
9002189
9003663
9004176
9007502
9007787
9008820
9008867
9009968
9011487
9011915
9012681
9013701
9015415
9015728
9016637
9017939
9018050
9018351
9018535
9019498
9019575
9020008
9020360
9021738
9022018
9023946
9024521
9024938
9025719
9026233
9028347
9029043
9029656
9029842
9031056
9033059
9033135
9033494
9033725
9035838
9035882
9035915
9036511
9037036
9039036
9042189
9042538
9042613
9046228
9046844
9047717
9047744
9047886
9047957
9048149
9049278
9049502
9049760
9049949
9053553
9054128
9054279
9055046
9055666
9055850
9057458
9058517
9058566
9058817
9059387
9061801
9061856
9062250
9062926
9063311
9063678
9067074
9068571
9068958
9069132
9069378
9069497
9069560
9070302
9070902
9072580
9072954
9076380
9076742
9078884
9079216
9079361
9082410
9083771
9084006
9084425
9085620
9086640
9088262
9089547
9090471
9093978
9095341
9095547
9096126
9096526
9097172
9100550
9100601
9101496
9102121
9103209
9103504
9105566
9110543
9111373
9111809
9112136
9113230
9113248
9113685
9115069
9117243
9117902
9118436
9120439
9120853
9121045
9121979
9122292
9128180
9128919
9132678
9133940
9133971
9134277
9134621
9135492
9135645
9136240
9142600
9145575
9149732
9151541
9153271
9153486
9154089
9154137
9155737
9156082
9158427
9160590
9160762
9160797
9162579
9162802
9163149
9164943
9166286
9166336
9167190
9167477
9169525
9169742
9170395
9170680
9170762
9171296
9177913
9179758
9181874
9182347
9182868
9185952
9186151
9186574
9187414
9188029
9188723
9189346
9190659
9191766
9192860
9192956
9193059
9194082
9196242
9196471
9197474
9199894
9200101
9201104
9201191
9201778
9203062
9203366
9206441
9207337
9207407
9208126
9208193
9208764
9212349
9214376
9214625
9216826
9220421
9220634
9221808
9221841
9222874
9224173
9224928
9225071
9226889
9227361
9227420
9228833
9229089
9229132
9229497
9230156
9231473
9232926
9233271
9233383
9233986
9235372
9235783
9236729
9237136
9238248
9239022
9239315
9241545
9241585
9243574
9244150
9246138
9248693
9249336
9249844
9249870
9252094
9253343
9254211
9255043
9255099
9255515
9255517
9255661
9257419
9257430
9259518
9259637
9260893
9261704
9261862
9261932
9262208
9262353
9262783
9263113
9265241
9269832
9271345
9272791
9273235
9273700
9274845
9275319
9275531
9276236
9278433
9279333
9279831
9281540
9281552
9281590
9281597
9282090
9283027
9283822
9284454
9284641
9285735
9286594
9287557
9287898
9288041
9288926
9290952
9292345
9293166
9293261
9294937
9295840
9296463
9297127
9298063
9298265
9299686
9299885
9301497
9302554
9303049
9303307
9303649
9303830
9304682
9306180
9306446
9306686
9306992
9309867
9309888
9310337
9312525
9312826
9313909
9314311
9314327
9317059
9318427
9322674
9324245
9324619
9324626
9325008
9325626
9327356
9329141
9330646
9332586
9333552
9334242
9334352
9336169
9338175
9339314
9340180
9340543
9342065
9344066
9344658
9344908
9345284
9347107
9347125
9349720
9350154
9350618
9351717
9353155
9354114
9354349
9356669
9356827
9358865
9361069
9361576
9362020
9362911
9363099
9363140
9364062
9365848
9367461
9367565
9368791
9369182
9369856
9370578
9372268
9372679
9373825
9374948
9375061
9375955
9377156
9377210
9377934
9378879
9378911
9378994
9380037
9380374
9382793
9383179
9383432
9384383
9386012
9387465
9387865
9388962
9392305
9392706
9393286
9395748
9397186
9397771
9401113
9402211
9403421
9404541
9406775
9407961
9409577
9410118
9410455
9411442
9412572
9412762
9414830
9416129
9416557
9417633
9418194
9418852
9419687
9421783
9421856
9422943
9423304
9423483
9425722
9426865
9427116
9428414
9428484
9429097
9429703
9431118
9431179
9431768
9433080
9433496
9434375
9435270
9436728
9436969
9437120
9437598
9439437
9440266
9442881
9444301
9445465
9446530
9446941
9447399
9448000
9448401
9449268
9449723
9450458
9454126
9455717
9455747
9455941
9456346
9457421
9457911
9459107
9459841
9460859
9461648
9461839
9462089
9465180
9466486
9468926
9470600
9472046
9473594
9476514
9477665
9478164
9479163
9479332
9481479
9482934
9483011
9485801
9487374
9488358
9488388
9488767
9489146
9489337
9490039
9490050
9490989
9491944
9492759
9493498
9494697
9494713
9494772
9497058
9497530
9497857
9498288
9501291
9501897
9503089
9505868
9507579
9507677
9509060
9510364
9510771
9513404
9514227
9515702
9516224
9516756
9516773
9516785
9516903
9517591
9518669
9520780
9522089
9522369
9522639
9523609
9525788
9525923
9526451
9526682
9528054
9528818
9530287
9531968
9532661
9533579
9535840
9537481
9538446
9539781
9540019
9540629
9540738
9543806
9544919
9545286
9547325
9547951
9548001
9548894
9549676
9549709
9550079
9553006
9553457
9554876
9557567
9559481
9560490
9561390
9563477
9564260
9565700
9566961
9567113
9567650
9567738
9568944
9569401
9569565
9570049
9571186
9573720
9574148
9574223
9576230
9579343
9579482
9579994
9580513
9583480
9585338
9585571
9585948
9586004
9586664
9586888
9587182
9587934
9588782
9590055
9590487
9590807
9592620
9592705
9593172
9593541
9594766
9595270
9595467
9595903
9596480
9596957
9597279
9598869
9599219
9600094
9600897
9601085
9601221
9601308
9603870
9605604
9606135
9606830
9607146
9607925
9608339
9608547
9608551
9608623
9608908
9609414
9610573
9610643
9610995
9611287
9611642
9613041
9613930
9614336
9616903
9620050
9621344
9621507
9622080
9625101
9625300
9625551
9628087
9628179
9628650
9628809
9629539
9629651
9631199
9631513
9631799
9632359
9632684
9633280
9638835
9638932
9639471
9640863
9641501
9643645
9643743
9645118
9645230
9645334
9646266
9647695
9648258
9648432
9649293
9650239
9650747
9650848
9651174
9651323
9652212
9658155
9658342
9658481
9658510
9659635
9660266
9660477
9661651
9661876
9661905
9663122
9663208
9663982
9665527
9665703
9665903
9667227
9667576
9667820
9668355
9668436
9669587
9670443
9670753
9673133
9673542
9674564
9674609
9674836
9676615
9677824
9678000
9678030
9679058
9680808
9681652
9683094
9686290
9686361
9687124
9687592
9688419
9688983
9689846
9691097
9691378
9691980
9693160
9695863
9696080
9696117
9696199
9697015
9698161
9698786
9699268
9699473
9699597
9700473
9702453
9702965
9704122
9705188
9706531
9707824
9708325
9708718
9709052
9712343
9712650
9712908
9713442
9716405
9717032
9719808
9721843
9721861
9723281
9723634
9724551
9726613
9726788
9729499
9730009
9730529
9731567
9732788
9735294
9736038
9736311
9737222
9737827
9738954
9739480
9740679
9740778
9741631
9743668
9743714
9747700
9748077
9748665
9748854
9750694
9756883
9757525
9758543
9762502
9762717
9762974
9763593
9764101
9766952
9768433
9769772
9770531
9771813
9772069
9772888
9775180
9775699
9776536
9776746
9777866
9779490
9779983
9781199
9781514
9783594
9783753
9786890
9788355
9789896
9790057
9790300
9790757
9792191
9792289
9792396
9792896
9797260
9797340
9797602
9797660
9797708
9798429
9799226
9799273
9800745
9800860
9800873
9802990
9803367
9806067
9806656
9807290
9807725
9809585
9809773
9809999
9815290
9816219
9816696
9817341
9818165
9818467
9820201
9820789
9820882
9822182
9824198
9824246
9824872
9825516
9826036
9826187
9829353
9831728
9831936
9832786
9832793
9833440
9834140
9834345
9837875
9838782
9838829
9839251
9841668
9845315
9845382
9845717
9846216
9846879
9847180
9847472
9848286
9848304
9848831
9850288
9851246
9851721
9853693
9853935
9854324
9856086
9856479
9857817
9857890
9858018
9858343
9859277
9859614
9861412
9861871
9863726
9863897
9864822
9867764
9869020
9870182
9870187
9871467
9872386
9873813
9874900
9876255
9877154
9878611
9878878
9879312
9879470
9879620
9879985
9880943
9882586
9886237
9887084
9888165
9889849
9891408
9891626
9891859
9892253
9893404
9893967
9895027
9899166
9899560
9901306
9901382
9901584
9903605
9903850
9904236
9906332
9906820
9907549
9907906
9908556
9909947
9911145
9911576
9911826
9912498
9914834
9915993
9916047
9916091
9922377
9924771
9925080
9926527
9926926
9928255
9928280
9928473
9928898
9929841
9930312
9930363
9933753
9934848
9935475
9935520
9935920
9937314
9937944
9940074
9940560
9940827
9941016
9941031
9942692
9943967
9944799
9946859
9946984
9947973
9949231
9950319
9951141
9951844
9954882
9955472
9959793
9960063
9960289
9961046
9961145
9961850
9962408
9962418
9962498
9962645
9963605
9964392
9964488
9964729
9965936
9966178
9966397
9967005
9967991
9969093
9970491
9972258
9974376
9976017
9981786
9981923
9982064
9983032
9983135
9983182
9983243
9984661
9985381
9985519
9985662
9986322
9990032
9991571
9991652
9992655
9995241
9996107
9996528
9997348
9998912
